-1  25  15  15
 0.003090666  14  3  10 O
 0.347410047  14  3  10 o
 0.002457012  10  2  10 K
 0.348418810  10  2  10 k
 0.001939722  7  3  2 H
 0.045527647  7  3  3 H
 0.076605207  7  2  3 H
 0.089814588  7  2  2 H
 0.114004116  7  2  3 H
 0.142605848  7  3  3 H
 0.182634718  7  3  4 H
 0.199768006  7  3  3 H
 0.237162378  7  2  3 H
 0.251000334  7  2  2 H
 0.262922902  7  2  3 H
 0.299710268  7  3  3 H
 0.319845710  7  3  4 H
 0.363415554  7  2  4 H
 0.397600600  7  2  3 H
 0.431082716  7  2  2 H
 0.460260346  7  2  3 H
 0.001732892  6  14  14 G
 0.028974255  6  13  14 G
 0.053770136  6  13  0 G
 0.092977848  6  12  0 G
 0.120032749  6  13  0 G
 0.157835210  6  12  0 G
 0.481642227  6  12  0 g
 0.000802183  1  13  14 B
 0.028929522  1  13  0 B
 0.051770764  1  13  1 B
 0.068864840  1  12  1 B
 0.120070107  1  12  0 B
 0.157788864  1  12  1 B
 0.487848295  1  12  1 b
 0.001549225  5  11  7 F
 0.052839777  5  11  8 F
 0.067918472  5  11  7 F
 0.101761370  5  11  8 F
 0.143865572  5  11  9 F
 0.190199723  5  10  9 F
 0.205192550  5  10  10 F
 0.236111929  5  9  10 F
 0.253158738  5  9  11 F
 0.288755638  5  10  11 F
 0.324981092  5  10  12 F
 0.363578102  5  10  11 F
 0.385241941  5  11  11 F
 0.711033493  5  11  11 f
 0.002312788  9  13  11 J
 0.034199271  9  14  11 J
 0.052383589  9  14  12 J
 0.073927629  9  13  12 J
 0.094337104  9  12  12 J
 0.117662846  9  11  12 J
 0.156439646  9  11  13 J
 0.188100427  9  10  13 J
 0.212056506  9  10  12 J
 0.259898687  9  10  11 J
 0.288743015  9  11  11 J
 0.363661676  9  11  12 J
 0.384160495  9  12  12 J
 0.714135801  9  12  12 j
 0.001357854  4  13  12 E
 0.032188267  4  12  12 E
 0.081949412  4  12  13 E
 0.117871329  4  12  12 E
 0.158671135  4  11  12 E
 0.188720626  4  12  12 E
 0.220357813  4  13  12 E
 0.256162445  4  13  13 E
 0.278217904  4  13  12 E
 0.322857011  4  12  12 E
 0.357066292  4  12  11 E
 0.370678553  4  13  11 E
 0.403938250  4  12  11 E
 0.738077264  4  12  11 e
 0.002619892  11  10  14 L
 0.044459586  11  11  14 L
 0.080191694  11  11  0 L
 0.119861635  11  11  14 L
 0.167040447  11  12  14 L
 0.194848741  11  12  13 L
 0.228075649  11  13  13 L
 0.256145243  11  12  13 L
 0.283638810  11  11  13 L
 0.298503040  11  11  12 L
 0.363619558  11  10  12 L
 0.406956143  11  11  12 L
 0.740524198  11  11  12 l
 0.002938276  13  2  12 N
 0.017468423  13  3  12 N
 0.042522788  13  2  12 N
 0.068005722  13  2  13 N
 0.097458127  13  3  13 N
 0.121676428  13  4  13 N
 0.162814936  13  5  13 N
 0.186581307  13  5  12 N
 0.207362355  13  5  13 N
 0.242280769  13  4  13 N
 0.272992747  13  4  12 N
 0.312873254  13  5  12 N
 0.325436820  13  5  13 N
 0.370851531  13  5  12 N
 0.415235770  13  5  13 N
 0.429130260  13  5  14 N
 0.441841656  13  5  0 N
 0.488684261  13  5  1 N
 0.525617746  13  6  1 N
 0.537605203  13  7  1 N
 0.565740357  13  7  0 N
 0.609529444  13  6  0 N
 0.645214285  13  7  0 N
 0.674851228  13  7  14 N
 0.722508840  13  8  14 N
 0.752230359  13  8  0 N
 1.099134170  13  8  0 n
 0.001000748  2  0  6 C
 0.027236523  2  0  7 C
 0.053549120  2  0  8 C
 0.064558421  2  1  8 C
 0.100630053  2  2  8 C
 0.126911663  2  3  8 C
 0.176075762  2  4  8 C
 0.200976626  2  5  8 C
 0.211817708  2  5  9 C
 0.225185361  2  5  8 C
 0.266908802  2  6  8 C
 0.308670535  2  7  8 C
 0.346776764  2  7  9 C
 0.359718163  2  6  9 C
 0.395240265  2  5  9 C
 0.443261464  2  4  9 C
 0.482214919  2  5  9 C
 0.508804886  2  5  10 C
 0.541439816  2  5  11 C
 0.559664338  2  6  11 C
 0.601830884  2  6  12 C
 0.650783324  2  6  13 C
 0.673848807  2  6  14 C
 0.697660422  2  6  0 C
 0.743952425  2  7  0 C
 0.754629585  2  7  14 C
 0.787345624  2  7  0 C
 1.135237962  2  7  0 c
 0.001184215  3  5  7 D
 0.032254890  3  6  7 D
 0.053067285  3  7  7 D
 0.098529184  3  7  6 D
 0.121250746  3  6  6 D
 0.162426382  3  6  5 D
 0.187917170  3  7  5 D
 0.227833033  3  7  6 D
 0.277316738  3  7  7 D
 0.299680453  3  6  7 D
 0.314814830  3  5  7 D
 0.335352571  3  6  7 D
 0.384465065  3  5  7 D
 0.413714576  3  6  7 D
 0.458141524  3  7  7 D
 0.499844519  3  6  7 D
 0.512817456  3  5  7 D
 0.559575845  3  5  6 D
 0.605639229  3  6  6 D
 0.640004466  3  6  7 D
 0.656340440  3  5  7 D
 0.692231901  3  6  7 D
 0.728544896  3  7  7 D
 0.777632073  3  6  7 D
 0.818844908  3  6  8 D
 0.849699578  3  6  9 D
 1.186506168  3  6  9 d
 0.000590695  0  13  13 A
 0.046574139  0  14  13 A
 0.096471514  0  14  14 A
 0.121187139  0  14  13 A
 0.146577453  0  14  14 A
 0.162123486  0  0  14 A
 0.203056015  0  14  14 A
 0.250482703  0  14  13 A
 0.293207084  0  14  14 A
 0.306650955  0  0  14 A
 0.326358292  0  0  13 A
 0.346505335  0  0  12 A
 0.365617388  0  0  13 A
 0.409837886  0  0  12 A
 0.434644127  0  0  13 A
 0.481190507  0  1  13 A
 0.494499712  0  2  13 A
 0.535483756  0  3  13 A
 0.578692787  0  3  12 A
 0.596046039  0  3  11 A
 0.621274025  0  4  11 A
 0.661766766  0  5  11 A
 0.680997327  0  5  10 A
 0.715577459  0  5  9 A
 0.730193634  0  5  8 A
 0.765881561  0  5  7 A
 0.794988141  0  5  8 A
 0.807039004  0  5  9 A
 0.841882530  0  4  9 A
 0.870239974  0  5  9 A
 1.191044784  0  5  9 a
 0.002771039  12  2  1 M
 0.039530492  12  2  2 M
 0.083791806  12  2  1 M
 0.109348666  12  2  0 M
 0.128977938  12  2  1 M
 0.161375983  12  2  0 M
 0.209163353  12  2  14 M
 0.252167518  12  1  14 M
 0.268156554  12  1  0 M
 0.282962898  12  1  14 M
 0.316997288  12  1  0 M
 0.349314555  12  2  0 M
 0.389145030  12  2  14 M
 0.435120041  12  3  14 M
 0.474857937  12  2  14 M
 0.535520935  12  2  13 M
 0.563213577  12  1  13 M
 0.590366157  12  1  14 M
 0.605920926  12  0  14 M
 0.635535218  12  0  13 M
 0.652039320  12  0  12 M
 0.686849736  12  14  12 M
 0.711986945  12  14  11 M
 0.735190762  12  14  10 M
 0.746890130  12  0  10 M
 0.768365263  12  1  10 M
 0.784488696  12  1  11 M
 0.833203570  12  1  10 M
 0.854213688  12  0  10 M
 0.883548858  12  1  10 M
 0.897270039  12  1  11 M
 0.947011808  12  1  10 M
 1.292727307  12  1  10 m
 0.002134630  8  9  3 I
 0.016774057  8  8  3 I
 0.029697212  8  8  2 I
 0.058504001  8  7  2 I
 0.082688830  8  6  2 I
 0.119981755  8  6  3 I
 0.165282949  8  5  3 I
 0.214649338  8  5  2 I
 0.225166596  8  5  1 I
 0.235551430  8  5  0 I
 0.267500900  8  5  1 I
 0.294343621  8  5  2 I
 0.322864635  8  6  2 I
 0.353091602  8  7  2 I
 0.389550375  8  6  2 I
 0.410963834  8  6  3 I
 0.460268380  8  7  3 I
 0.476379982  8  7  4 I
 0.521242450  8  7  5 I
 0.540518553  8  6  5 I
 0.553170862  8  5  5 I
 0.605747297  8  5  6 I
 0.641372940  8  6  6 I
 0.664319856  8  5  6 I
 0.705456330  8  5  5 I
 0.744799050  8  6  5 I
 0.784387280  8  7  5 I
 0.812810675  8  7  6 I
 0.857957545  8  7  7 I
 0.878449031  8  6  7 I
 0.910726804  8  7  7 I
 0.929077629  8  7  8 I
 0.954875812  8  7  9 I
 0.974500676  8  7  8 I
 1.013093789  8  7  9 I
 1.331642643  8  7  9 i
 2.134463887  18  1  11 3
 2.735116390  18  15  15 3
 0.073379482  17  2  5 2
 3.379109506  17  15  15 2
 2.522065614  19  2  13 4
 3.623815868  19  15  15 4
 2.751339878  20  0  6 5
 3.852283582  20  15  15 5
 0.585809057  15  7  5 0
 0.784370720  15  7  4 0
 4.089053398  15  15  15 0
 3.850016768  22  14  6 7
 4.150365591  22  15  15 7
 4.075247799  21  7  10 6
 4.175340877  21  15  15 6
 3.651851294  24  14  5 9
 4.453028194  24  15  15 9
 4.363327225  16  9  12 1
 4.463422296  16  15  15 1
 4.651073408  23  4  9 8
 4.751494408  23  15  15 8
