-1  15  15  15
 0.000000000  7  3  12  H
 0.001937173  7  2  12  H
 0.029210677  7  3  12  H
 0.049974030  7  3  13  H
 0.064760763  7  3  12  H
 0.102129997  7  4  12  H
 0.113816733  7  4  13  H
 0.138355694  7  3  13  H
 0.163904138  7  4  13  H
 0.187904828  7  4  14  H
 0.202275572  7  5  14  H
 0.237402705  7  5  13  H
 0.280113095  7  5  14  H
 0.302338731  7  6  14  H
 0.329971948  7  6  0  H
 0.342069392  7  6  1  H
 0.377853040  7  6  0  H
 0.401541848  7  7  0  H
 0.434857267  7  7  1  H
 0.459004355  7  7  0  H
 0.485357645  7  7  1  H
 0.532142229  7  6  1  H
 0.571278503  7  6  2  H
 0.000000000  13  13  14  N
 0.002091225  13  13  0  N
 0.043765119  13  13  14  N
 0.073874170  13  12  14  N
 0.095495510  13  12  13  N
 0.107961322  13  13  13  N
 0.129091020  13  13  12  N
 0.178957838  13  13  11  N
 0.209808593  13  13  10  N
 0.229365289  13  13  11  N
 0.256985200  13  13  12  N
 0.297354492  13  13  13  N
 0.336463965  13  13  12  N
 0.382503666  13  13  13  N
 0.413044515  13  13  12  N
 0.462484032  13  14  12  N
 0.480404615  13  14  13  N
 0.503127623  13  14  12  N
 0.534181365  13  14  11  N
 0.556306369  13  13  11  N
 0.000000000  1  1  8  B
 0.001758845  1  0  8  B
 0.027412819  1  14  8  B
 0.047585272  1  14  7  B
 0.058137226  1  13  7  B
 0.101873812  1  13  8  B
 0.134109654  1  12  8  B
 0.181103104  1  13  8  B
 0.194790753  1  12  8  B
 0.217357083  1  12  9  B
 0.229586618  1  12  8  B
 0.245978634  1  11  8  B
 0.280082377  1  10  8  B
 0.325844123  1  9  8  B
 0.345672913  1  8  8  B
 0.357720713  1  9  8  B
 0.371636805  1  9  7  B
 0.416345413  1  8  7  B
 0.460391214  1  8  8  B
 0.485086000  1  8  9  B
 0.503386183  1  8  8  B
 0.542223140  1  9  8  B
 0.582556714  1  9  7  B
 0.609794801  1  10  7  B
 0.000000000  12  1  6  M
 0.002065215  12  2  6  M
 0.028880501  12  2  5  M
 0.067541745  12  1  5  M
 0.091181932  12  1  4  M
 0.109922119  12  1  3  M
 0.155050584  12  1  4  M
 0.178957818  12  1  5  M
 0.221499296  12  1  6  M
 0.238940942  12  0  6  M
 0.287373059  12  0  5  M
 0.319972581  12  0  6  M
 0.363338403  12  0  7  M
 0.395998229  12  1  7  M
 0.433560860  12  0  7  M
 0.456936936  12  0  8  M
 0.490588812  12  1  8  M
 0.506969136  12  1  9  M
 0.529617753  12  0  9  M
 0.552986425  12  1  9  M
 0.576374484  12  1  10  M
 0.596173388  12  2  10  M
 0.000000000  2  13  7  C
 0.001794352  2  13  8  C
 0.042820479  2  12  8  C
 0.075887076  2  12  7  C
 0.097118787  2  11  7  C
 0.132631061  2  11  6  C
 0.168796163  2  11  7  C
 0.187939885  2  11  6  C
 0.199026924  2  11  7  C
 0.244993236  2  11  8  C
 0.285856153  2  10  8  C
 0.302747656  2  10  7  C
 0.318491623  2  10  8  C
 0.336396507  2  10  9  C
 0.370255486  2  10  10  C
 0.392021440  2  9  10  C
 0.415271917  2  9  11  C
 0.456005229  2  8  11  C
 0.486738132  2  9  11  C
 0.520507983  2  8  11  C
 0.534915036  2  7  11  C
 0.546090792  2  8  11  C
 0.569742611  2  8  10  C
 0.609252232  2  7  10  C
 0.649667109  2  7  9  C
 0.699299771  2  7  10  C
 0.713207346  2  7  9  C
 0.735808412  2  8  9  C
 0.764058829  2  9  9  C
 0.795548434  2  8  9  C
 0.815978785  2  9  9  C
 0.000000000  8  9  1  I
 0.001963693  8  9  2  I
 0.014813273  8  9  3  I
 0.030685644  8  10  3  I
 0.058473153  8  9  3  I
 0.083912921  8  8  3  I
 0.111333425  8  9  3  I
 0.141303211  8  10  3  I
 0.155055483  8  9  3  I
 0.166036631  8  8  3  I
 0.205537807  8  8  4  I
 0.248158567  8  7  4  I
 0.269084137  8  8  4  I
 0.289482167  8  9  4  I
 0.330742629  8  8  4  I
 0.362597488  8  8  5  I
 0.380623642  8  8  6  I
 0.408758450  8  7  6  I
 0.425278688  8  7  7  I
 0.437762445  8  6  7  I
 0.460394911  8  7  7  I
 0.491991251  8  6  7  I
 0.532665972  8  6  8  I
 0.571115374  8  7  8  I
 0.612535056  8  8  8  I
 0.639466521  8  7  8  I
 0.685287958  8  8  8  I
 0.733276302  8  7  8  I
 0.750833065  8  7  7  I
 0.798873047  8  8  7  I
 0.814432484  8  8  6  I
 0.829158059  8  7  6  I
 0.841596770  8  7  5  I
 0.864091635  8  6  5  I
 0.908963241  8  6  6  I
 0.949327201  8  5  6  I
 0.960323016  8  4  6  I
 0.972372921  8  5  6  I
 0.000000000  10  13  5  K
 0.002015872  10  12  5  K
 0.024819643  10  13  5  K
 0.040868137  10  13  4  K
 0.077915291  10  14  4  K
 0.121298457  10  0  4  K
 0.137043987  10  1  4  K
 0.157072888  10  1  5  K
 0.205128561  10  1  6  K
 0.253387780  10  2  6  K
 0.288756662  10  2  7  K
 0.311141019  10  3  7  K
 0.349360694  10  4  7  K
 0.381123159  10  4  8  K
 0.416378044  10  4  9  K
 0.465495771  10  4  8  K
 0.512680323  10  5  8  K
 0.542323350  10  6  8  K
 0.573486479  10  6  9  K
 0.602006115  10  6  8  K
 0.639314283  10  6  9  K
 0.674897100  10  7  9  K
 0.723362377  10  7  10  K
 0.735151086  10  7  9  K
 0.774182079  10  7  8  K
 0.789181725  10  8  8  K
 0.806491850  10  8  7  K
 0.842249478  10  8  6  K
 0.879348358  10  8  5  K
 0.923742198  10  9  5  K
 0.953976695  10  9  6  K
 0.966083446  10  10  6  K
 0.997569727  10  9  6  K
 1.022316871  10  10  6  K
 1.052394762  10  9  6  K
 0.000000000  11  11  13  L
 0.002041961  11  11  12  L
 0.046902578  11  10  12  L
 0.090699407  11  11  12  L
 0.106250539  11  11  13  L
 0.155050544  11  10  13  L
 0.202127642  11  10  12  L
 0.252245133  11  10  13  L
 0.297354492  11  10  12  L
 0.338719261  11  9  12  L
 0.356330337  11  8  12  L
 0.380212382  11  8  11  L
 0.406833671  11  8  12  L
 0.427881352  11  7  12  L
 0.462037696  11  8  12  L
 0.483331344  11  8  11  L
 0.520792172  11  8  12  L
 0.535109504  11  8  13  L
 0.551402182  11  9  13  L
 0.576348405  11  10  13  L
 0.603816437  11  9  13  L
 0.626633002  11  8  13  L
 0.639462804  11  9  13  L
 0.657840495  11  9  14  L
 0.685721149  11  10  14  L
 0.713247252  11  9  14  L
 0.735151086  11  9  0  L
 0.747919422  11  9  1  L
 0.784462338  11  9  2  L
 0.831471686  11  10  2  L
 0.845654884  11  9  2  L
 0.873477939  11  9  1  L
 0.922034761  11  9  0  L
 0.965663180  11  8  0  L
 0.986006927  11  7  0  L
 1.032348248  11  6  0  L
 1.068719339  11  6  1  L
 1.083947197  11  6  2  L
 1.098313993  11  6  3  L
 1.108662572  11  7  3  L
 1.147409807  11  7  4  L
 1.161311471  11  6  4  L
 1.196599128  11  6  5  L
 0.000000000  9  5  1  J
 0.001990163  9  5  2  J
 0.033656015  9  5  3  J
 0.050468207  9  5  2  J
 0.075887086  9  5  3  J
 0.118984500  9  4  3  J
 0.164167387  9  4  4  J
 0.207660872  9  4  3  J
 0.225600792  9  3  3  J
 0.259407763  9  3  4  J
 0.288756582  9  3  3  J
 0.302822087  9  3  4  J
 0.330399117  9  3  3  J
 0.357720713  9  3  2  J
 0.376766790  9  3  3  J
 0.389814315  9  3  2  J
 0.423724732  9  4  2  J
 0.452824981  9  4  1  J
 0.492725733  9  4  2  J
 0.514074446  9  4  3  J
 0.543821309  9  5  3  J
 0.569597196  9  4  3  J
 0.603749520  9  5  3  J
 0.617859199  9  4  3  J
 0.633637551  9  4  2  J
 0.683218324  9  4  3  J
 0.716350024  9  3  3  J
 0.757107349  9  2  3  J
 0.794385930  9  2  2  J
 0.836400801  9  3  2  J
 0.863233018  9  4  2  J
 0.890005342  9  4  3  J
 0.933472274  9  4  2  J
 0.979850986  9  4  1  J
 1.013229123  9  3  1  J
 1.051830422  9  3  2  J
 1.077211318  9  2  2  J
 1.111049136  9  1  2  J
 1.156896190  9  1  1  J
 1.187979567  9  2  1  J
 1.226331403  9  2  0  J
 1.263656783  9  1  0  J
 1.304582989  9  0  0  J
 1.336479587  9  14  0  J
 1.371792672  9  0  0  J
 0.000000000  3  3  0  D
 0.001825471  3  3  1  D
 0.049026504  3  3  2  D
 0.078936157  3  3  3  D
 0.129093425  3  4  3  D
 0.152292565  3  4  2  D
 0.171933380  3  3  2  D
 0.193082154  3  4  2  D
 0.240490670  3  5  2  D
 0.264815043  3  5  1  D
 0.300252085  3  4  1  D
 0.316225708  3  5  1  D
 0.337362078  3  6  1  D
 0.376703801  3  6  0  D
 0.399865330  3  5  0  D
 0.447972621  3  6  0  D
 0.473720143  3  5  0  D
 0.523067335  3  4  0  D
 0.534735545  3  4  14  D
 0.584650624  3  5  14  D
 0.611978651  3  6  14  D
 0.631235758  3  6  0  D
 0.669144263  3  6  1  D
 0.707650151  3  6  0  D
 0.733417880  3  7  0  D
 0.770218275  3  7  1  D
 0.784944062  3  6  1  D
 0.808171545  3  6  0  D
 0.853687943  3  7  0  D
 0.878751486  3  7  1  D
 0.901007328  3  7  2  D
 0.930641718  3  6  2  D
 0.958501122  3  6  1  D
 0.984318025  3  6  2  D
 1.014211876  3  7  2  D
 1.051464809  3  8  2  D
 1.088553259  3  8  1  D
 1.136438077  3  8  2  D
 1.159332479  3  9  2  D
 1.175732499  3  10  2  D
 1.202654587  3  9  2  D
 1.222986562  3  10  2  D
 1.247620242  3  9  2  D
 1.277753867  3  9  1  D
 1.321938010  3  8  1  D
 1.332611815  3  9  1  D
 1.356412034  3  9  0  D
 1.369353948  3  9  1  D
 1.392829262  3  9  0  D
 1.417228757  3  9  14  D
 1.452429790  3  9  13  D
 1.477478055  3  9  12  D
 1.494413290  3  9  11  D
 1.520224101  3  8  11  D
 1.535703266  3  8  10  D
 1.577798117  3  7  10  D
 0.000000000  4  10  3  E
 0.001854716  4  10  4  E
 0.033647789  4  10  5  E
 0.047113367  4  9  5  E
 0.082148717  4  8  5  E
 0.131983994  4  8  6  E
 0.169777674  4  8  7  E
 0.220120572  4  9  7  E
 0.245361103  4  8  7  E
 0.277989329  4  8  6  E
 0.291191578  4  8  7  E
 0.327843342  4  8  8  E
 0.377461998  4  9  8  E
 0.388424100  4  8  8  E
 0.415473670  4  8  7  E
 0.461880658  4  9  7  E
 0.488689882  4  10  7  E
 0.535062615  4  11  7  E
 0.568191942  4  12  7  E
 0.583966467  4  11  7  E
 0.598949501  4  11  6  E
 0.626405050  4  11  7  E
 0.651646412  4  10  7  E
 0.698024503  4  9  7  E
 0.727178672  4  9  8  E
 0.740656042  4  9  9  E
 0.786327825  4  8  9  E
 0.811201048  4  8  10  E
 0.853970368  4  8  11  E
 0.894609780  4  8  10  E
 0.932738303  4  7  10  E
 0.961401541  4  8  10  E
 0.986065087  4  9  10  E
 1.033635248  4  9  11  E
 1.059552892  4  10  11  E
 1.091471742  4  10  10  E
 1.128080884  4  10  9  E
 1.150941793  4  11  9  E
 1.184889609  4  10  9  E
 1.232753308  4  10  8  E
 1.263041326  4  10  7  E
 1.306747783  4  11  7  E
 1.336073297  4  11  8  E
 1.353298772  4  12  8  E
 1.373980389  4  11  8  E
 1.402534511  4  10  8  E
 1.446520697  4  11  8  E
 1.478830980  4  10  8  E
 1.507221341  4  11  8  E
 1.517812339  4  11  9  E
 1.561463682  4  11  8  E
 1.597517251  4  11  7  E
 1.635859325  4  11  8  E
 1.686101101  4  11  7  E
 1.711633723  4  11  6  E
 1.727684420  4  12  6  E
 1.751138593  4  11  6  E
 1.785826281  4  12  6  E
 1.803008684  4  12  7  E
 1.833809484  4  13  7  E
 0.000000000  0  0  1  A
 0.001728617  0  1  1  A
 0.020146985  0  2  1  A
 0.070017789  0  2  2  A
 0.100892150  0  3  2  A
 0.146485616  0  2  2  A
 0.186516757  0  1  2  A
 0.221523762  0  2  2  A
 0.246690153  0  2  1  A
 0.285871352  0  3  1  A
 0.327846108  0  4  1  A
 0.347745252  0  3  1  A
 0.374147274  0  2  1  A
 0.397750030  0  2  0  A
 0.444975069  0  2  14  A
 0.473112131  0  2  13  A
 0.514100375  0  3  13  A
 0.562540046  0  2  13  A
 0.593774099  0  2  14  A
 0.608780879  0  3  14  A
 0.635924096  0  2  14  A
 0.679726194  0  3  14  A
 0.729422857  0  3  0  A
 0.772528043  0  3  14  A
 0.821051471  0  3  13  A
 0.835836000  0  3  14  A
 0.853697611  0  3  13  A
 0.893370090  0  3  12  A
 0.919828428  0  4  12  A
 0.958095333  0  4  11  A
 1.005912994  0  3  11  A
 1.025533770  0  2  11  A
 1.075483803  0  2  10  A
 1.109845424  0  3  10  A
 1.137889789  0  4  10  A
 1.175728912  0  5  10  A
 1.219542322  0  5  9  A
 1.253536517  0  5  10  A
 1.274181013  0  6  10  A
 1.299076861  0  6  11  A
 1.342678539  0  5  11  A
 1.382434797  0  6  11  A
 1.415709998  0  5  11  A
 1.441745725  0  5  12  A
 1.456883984  0  5  13  A
 1.502144126  0  5  14  A
 1.529558156  0  5  0  A
 1.569113724  0  4  0  A
 1.603827913  0  4  14  A
 1.653529424  0  4  13  A
 1.666370696  0  3  13  A
 1.698161303  0  4  13  A
 1.722499221  0  4  12  A
 1.746655384  0  4  11  A
 1.779897823  0  5  11  A
 1.804241091  0  6  11  A
 1.822169538  0  6  10  A
 1.840289989  0  7  10  A
 1.866871150  0  7  9  A
 1.878789824  0  7  8  A
 1.913977300  0  7  7  A
 1.939337776  0  7  8  A
 1.970288490  0  8  8  A
 1.982847750  0  7  8  A
 1.999139184  0  6  8  A
 2.011284327  0  5  8  A
 2.026934245  0  4  8  A
 2.045068472  0  3  8  A
 2.056468002  0  2  8  A
 2.087881824  0  3  8  A
 0.000000000  14  2  2  O
 0.002113998  14  2  3  O
 0.035707895  14  1  3  O
 0.049021835  14  1  2  O
 0.087274815  14  1  1  O
 0.118984500  14  0  1  O
 0.168796203  14  0  2  O
 0.186260341  14  0  1  O
 0.220116385  14  0  2  O
 0.237402695  14  1  2  O
 0.256959812  14  0  2  O
 0.292973897  14  14  2  O
 0.311141019  14  14  1  O
 0.338719341  14  13  1  O
 0.365697686  14  12  1  O
 0.385797912  14  12  0  O
 0.411573997  14  11  0  O
 0.428234582  14  12  0  O
 0.449084970  14  13  0  O
 0.466196440  14  13  14  O
 0.486738102  14  13  0  O
 0.518933217  14  12  0  O
 0.535838827  14  11  0  O
 0.585065290  14  11  14  O
 0.621839865  14  12  14  O
 0.666839995  14  12  0  O
 0.694077160  14  13  0  O
 0.717680897  14  14  0  O
 0.728245515  14  14  1  O
 0.771968523  14  13  1  O
 0.786169074  14  13  0  O
 0.812058263  14  13  1  O
 0.829105089  14  13  0  O
 0.876242921  14  13  14  O
 0.918893776  14  13  0  O
 0.956112765  14  12  0  O
 0.992048470  14  13  0  O
 1.020921186  14  14  0  O
 1.036105982  14  14  14  O
 1.053727127  14  14  13  O
 1.088463690  14  14  14  O
 1.114649150  14  14  0  O
 1.134300504  14  13  0  O
 1.149715949  14  13  14  O
 1.187034045  14  14  14  O
 1.230832637  14  14  0  O
 1.264741058  14  13  0  O
 1.291428411  14  14  0  O
 1.335739955  14  13  0  O
 1.357927737  14  12  0  O
 1.377296355  14  13  0  O
 1.409177434  14  14  0  O
 1.421940600  14  0  0  O
 1.434411582  14  14  0  O
 1.445848343  14  0  0  O
 1.473509251  14  1  0  O
 1.507767416  14  2  0  O
 1.555082624  14  2  1  O
 1.600984403  14  1  1  O
 1.612125132  14  1  2  O
 1.657361338  14  0  2  O
 1.697373519  14  14  2  O
 1.727625669  14  13  2  O
 1.758437199  14  13  1  O
 1.784090681  14  14  1  O
 1.828943770  14  14  0  O
 1.862912315  14  14  14  O
 1.905087296  14  0  14  O
 1.940477517  14  0  0  O
 1.962564467  14  14  0  O
 2.012051391  14  13  0  O
 2.044409352  14  13  14  O
 2.060149522  14  14  14  O
 2.091520692  14  14  13  O
 2.113577146  14  14  12  O
 2.160307663  14  14  13  O
 2.184111761  14  14  14  O
 2.217378884  14  13  14  O
 2.265558540  14  14  14  O
 2.292231113  14  14  0  O
 2.315018642  14  13  0  O
 2.357956560  14  14  0  O
 0.000000000  5  4  4  F
 0.001879914  5  4  3  F
 0.012312362  5  3  3  F
 0.028880511  5  3  2  F
 0.042820408  5  3  1  F
 0.092885963  5  3  2  F
 0.137920619  5  4  2  F
 0.184611345  5  4  1  F
 0.234320262  5  3  1  F
 0.276572844  5  3  2  F
 0.326310517  5  4  2  F
 0.363770272  5  3  2  F
 0.393681116  5  2  2  F
 0.425613092  5  3  2  F
 0.466614793  5  3  3  F
 0.489170353  5  2  3  F
 0.532433521  5  3  3  F
 0.577816388  5  3  4  F
 0.607508426  5  4  4  F
 0.638947598  5  3  4  F
 0.679908790  5  2  4  F
 0.705666831  5  3  4  F
 0.733309845  5  3  3  F
 0.757320954  5  2  3  F
 0.804476750  5  1  3  F
 0.844863393  5  1  4  F
 0.858117079  5  1  5  F
 0.908089895  5  1  6  F
 0.922100526  5  1  5  F
 0.936101548  5  2  5  F
 0.948772109  5  3  5  F
 0.997569757  5  4  5  F
 1.033566097  5  3  5  F
 1.065691709  5  3  4  F
 1.104066139  5  2  4  F
 1.142198347  5  2  3  F
 1.181975154  5  3  3  F
 1.200513839  5  4  3  F
 1.247247124  5  4  4  F
 1.258362426  5  3  4  F
 1.299269496  5  2  4  F
 1.342275675  5  2  3  F
 1.372751910  5  1  3  F
 1.384259626  5  2  3  F
 1.428582101  5  3  3  F
 1.465621188  5  2  3  F
 1.493669069  5  2  4  F
 1.514159995  5  2  3  F
 1.542554424  5  2  2  F
 1.572952492  5  1  2  F
 1.600877531  5  0  2  F
 1.627369400  5  14  2  F
 1.638813375  5  13  2  F
 1.682235453  5  13  1  F
 1.692937340  5  13  0  F
 1.736500343  5  13  14  F
 1.777613903  5  14  14  F
 1.826755983  5  13  14  F
 1.874596785  5  13  0  F
 1.892470769  5  13  1  F
 1.938508274  5  12  1  F
 1.948855509  5  13  1  F
 1.961044556  5  14  1  F
 2.007285987  5  13  1  F
 2.022313426  5  13  0  F
 2.058698090  5  13  14  F
 2.106869199  5  13  0  F
 2.140486207  5  13  14  F
 2.152562892  5  12  14  F
 2.185855707  5  11  14  F
 2.215811062  5  11  13  F
 2.263220387  5  10  13  F
 2.275570120  5  10  12  F
 2.320312598  5  10  11  F
 2.339921021  5  10  12  F
 2.375094679  5  10  13  F
 2.422571072  5  11  13  F
 2.457785558  5  12  13  F
 2.471874697  5  11  13  F
 2.492203605  5  11  14  F
 2.515126432  5  12  14  F
 2.554713738  5  13  14  F
 2.594719987  5  14  14  F
 0.000000000  6  6  1  G
 0.001911013  6  7  1  G
 0.035709448  6  6  1  G
 0.078333905  6  6  2  G
 0.094920509  6  7  2  G
 0.105883794  6  7  1  G
 0.155686429  6  7  0  G
 0.184614170  6  8  0  G
 0.196404392  6  7  0  G
 0.240490740  6  7  14  G
 0.254865050  6  8  14  G
 0.285848699  6  8  13  G
 0.315669493  6  8  14  G
 0.345679476  6  8  13  G
 0.377059966  6  7  13  G
 0.418540404  6  6  13  G
 0.462692217  6  6  12  G
 0.503252831  6  7  12  G
 0.530042678  6  6  12  G
 0.573348778  6  6  13  G
 0.619363861  6  6  14  G
 0.664628172  6  6  0  G
 0.680804017  6  7  0  G
 0.699672567  6  8  0  G
 0.715417917  6  8  1  G
 0.755108330  6  8  2  G
 0.770932098  6  7  2  G
 0.789902221  6  6  2  G
 0.823978621  6  5  2  G
 0.859594309  6  4  2  G
 0.879225966  6  5  2  G
 0.925988927  6  5  3  G
 0.951616471  6  5  4  G
 0.993382529  6  5  3  G
 1.024634755  6  4  3  G
 1.045464704  6  4  2  G
 1.083013387  6  4  1  G
 1.124364018  6  5  1  G
 1.154477245  6  5  0  G
 1.189809256  6  5  1  G
 1.210238966  6  5  0  G
 1.241614826  6  6  0  G
 1.289849247  6  7  0  G
 1.335774831  6  7  1  G
 1.384984831  6  7  2  G
 1.428582962  6  8  2  G
 1.453134466  6  9  2  G
 1.466255129  6  8  2  G
 1.508730342  6  8  1  G
 1.533871934  6  9  1  G
 1.552858648  6  8  1  G
 1.566228665  6  8  0  G
 1.602586941  6  8  1  G
 1.641580151  6  7  1  G
 1.660129034  6  7  2  G
 1.709543370  6  7  1  G
 1.759089636  6  7  0  G
 1.778110364  6  8  0  G
 1.808213020  6  7  0  G
 1.850365159  6  7  14  G
 1.876108892  6  8  14  G
 1.894429964  6  8  0  G
 1.929489888  6  9  0  G
 1.949219198  6  9  14  G
 1.966245516  6  10  14  G
 2.003719206  6  9  14  G
 2.031910649  6  9  13  G
 2.080914956  6  10  13  G
 2.127969940  6  10  12  G
 2.144530524  6  11  12  G
 2.193158591  6  11  11  G
 2.230431499  6  12  11  G
 2.262985562  6  11  11  G
 2.299119923  6  11  10  G
 2.325088412  6  11  9  G
 2.368151517  6  12  9  G
 2.405868277  6  12  10  G
 2.424036229  6  12  9  G
 2.443752656  6  11  9  G
 2.489475634  6  11  8  G
 2.523551353  6  11  7  G
 2.541627519  6  11  6  G
 2.564803695  6  11  7  G
 2.613219957  6  11  6  G
 2.653178506  6  11  7  G
 2.665236424  6  10  7  G
 2.715035557  6  10  8  G
 2.759741195  6  10  7  G
 2.771481140  6  9  7  G
