-1  35  15  15
 0.003827044  21  3  0 L
 0.017239966  21  4  0 L
 0.046454355  21  5  0 L
 0.070788212  21  15  15 L
 0.002785509  14  6  5 E
 0.037134608  14  6  4 E
 0.049635364  14  6  3 E
 0.098699843  14  7  3 E
 0.125728521  14  15  15 E
 0.003418880  18  9  9 I
 0.017004040  18  8  9 I
 0.065738218  18  8  8 I
 0.077496331  18  7  8 I
 0.099175873  18  7  9 I
 0.113983963  18  6  9 I
 0.139244805  18  6  8 I
 0.155320658  18  6  9 I
 0.167738330  18  5  9 I
 0.213654611  18  4  9 I
 0.251727914  18  4  8 I
 0.281669727  18  5  8 I
 0.299234182  18  5  9 I
 0.342087711  18  15  15 I
 0.002954511  15  10  12 F
 0.035379745  15  9  12 F
 0.083461817  15  8  12 F
 0.127930341  15  8  13 F
 0.145261966  15  8  14 F
 0.161114728  15  8  13 F
 0.173189857  15  9  13 F
 0.220344636  15  8  13 F
 0.265398923  15  8  14 F
 0.282010587  15  8  0 F
 0.320405845  15  7  0 F
 0.349398724  15  15  15 F
 0.003560261  19  8  10 J
 0.022517240  19  8  11 J
 0.041134592  19  8  10 J
 0.063995737  19  9  10 J
 0.105164101  19  9  9 J
 0.134928787  19  8  9 J
 0.150959247  19  8  8 J
 0.162894537  19  7  8 J
 0.193713732  19  6  8 J
 0.219644481  19  7  8 J
 0.241009322  19  7  7 J
 0.283977012  19  6  7 J
 0.297257890  19  5  7 J
 0.317039223  19  6  7 J
 0.343827206  19  6  8 J
 0.354423923  19  6  9 J
 0.004110097  23  0  1 N
 0.042981546  23  14  1 N
 0.085446756  23  0  1 N
 0.109188299  23  0  0 N
 0.123271280  23  1  0 N
 0.155880914  23  1  1 N
 0.203268523  23  0  1 N
 0.247467810  23  0  2 N
 0.269944104  23  0  1 N
 0.288579989  23  1  1 N
 0.315176530  23  1  2 N
 0.357392460  23  15  15 N
 0.004251889  24  1  10 O
 0.027308947  24  2  10 O
 0.055827459  24  2  9 O
 0.074159674  24  2  10 O
 0.112331139  24  1  10 O
 0.139540521  24  1  9 O
 0.154506603  24  2  9 O
 0.466125748  24  2  9 o
 0.003978965  22  3  8 M
 0.026960673  22  3  9 M
 0.067931272  22  3  10 M
 0.111943021  22  3  9 M
 0.135401491  22  2  9 M
 0.151952913  22  2  10 M
 0.492072255  22  2  10 m
 0.002239169  11  10  13 B
 0.038315511  11  9  13 B
 0.069326761  11  9  14 B
 0.085960807  11  9  13 B
 0.115003608  11  8  13 B
 0.127810941  11  7  13 B
 0.174113093  11  8  13 B
 0.220225836  11  7  13 B
 0.265472348  11  8  13 B
 0.294788515  11  8  14 B
 0.339383783  11  8  13 B
 0.659142333  11  8  13 b
 0.003110590  16  6  13 G
 0.029732927  16  7  13 G
 0.078238393  16  7  14 G
 0.123686898  16  6  14 G
 0.149372163  16  5  14 G
 0.194924009  16  5  0 G
 0.229380317  16  5  14 G
 0.241359719  16  5  0 G
 0.255122488  16  5  14 G
 0.277916690  16  6  14 G
 0.327135093  16  7  14 G
 0.356358118  16  8  14 G
 0.667871227  16  8  14 g
 0.002056171  10  4  3 A
 0.041017085  10  3  3 A
 0.058244487  10  3  4 A
 0.076159330  10  2  4 A
 0.095905558  10  3  4 A
 0.142376062  10  4  4 A
 0.183252105  10  3  4 A
 0.213654651  10  2  4 A
 0.247014361  10  2  5 A
 0.268368882  10  3  5 A
 0.308078530  10  2  5 A
 0.325572064  10  3  5 A
 0.351265074  10  3  4 A
 0.373546478  10  2  4 A
 0.413290108  10  1  4 A
 0.430474692  10  0  4 A
 0.449873808  10  1  4 A
 0.484681525  10  1  5 A
 0.527489610  10  2  5 A
 0.557766161  10  2  6 A
 0.568576723  10  2  5 A
 0.579497057  10  3  5 A
 0.622656412  10  3  4 A
 0.634287691  10  2  4 A
 0.667183326  10  2  5 A
 0.685517994  10  2  4 A
 0.713043273  10  1  4 A
 0.740312898  10  15  15 A
 0.003696773  20  1  1 K
 0.043006862  20  0  1 K
 0.062232448  20  0  0 K
 0.077493276  20  14  0 K
 0.099575842  20  14  14 K
 0.143035331  20  13  14 K
 0.156552705  20  14  14 K
 0.204344371  20  14  0 K
 0.226165505  20  13  0 K
 0.238537442  20  13  1 K
 0.280947071  20  13  0 K
 0.314209142  20  12  0 K
 0.324890104  20  11  0 K
 0.365617372  20  11  14 K
 0.405811055  20  12  14 K
 0.441061410  20  12  13 K
 0.460724905  20  12  12 K
 0.486720384  20  12  13 K
 0.518112778  20  11  13 K
 0.533874752  20  10  13 K
 0.573246094  20  11  13 K
 0.600736115  20  12  13 K
 0.649677177  20  11  13 K
 0.660851231  20  11  12 K
 0.692786900  20  12  12 K
 0.729329195  20  12  13 K
 0.771167599  20  12  12 K
 0.802261462  20  13  12 K
 0.818071074  20  15  15 K
 0.002571062  13  7  12 D
 0.040775498  13  8  12 D
 0.080797653  13  8  11 D
 0.094685233  13  7  11 D
 0.106817968  13  8  11 D
 0.137518865  13  8  10 D
 0.173376622  13  8  9 D
 0.215029712  13  8  10 D
 0.242328971  13  8  9 D
 0.255187338  13  8  8 D
 0.299554505  13  8  9 D
 0.324845952  13  8  10 D
 0.372474266  13  8  9 D
 0.413372921  13  8  10 D
 0.445994117  13  8  11 D
 0.473886402  13  7  11 D
 0.522550010  13  7  10 D
 0.553988018  13  7  11 D
 0.569895240  13  7  12 D
 0.603182878  13  8  12 D
 0.646156269  13  9  12 D
 0.680056300  13  10  12 D
 0.695090659  13  11  12 D
 0.736080935  13  10  12 D
 0.782968001  13  9  12 D
 0.819438131  13  9  11 D
 0.002417418  12  5  5 C
 0.037506866  12  4  5 C
 0.073744547  12  4  4 C
 0.112115009  12  5  4 C
 0.159539957  12  6  4 C
 0.205809490  12  7  4 C
 0.223441019  12  8  4 C
 0.238160506  12  8  5 C
 0.249558033  12  8  4 C
 0.270527852  12  9  4 C
 0.317930370  12  9  5 C
 0.333684549  12  9  6 C
 0.367631876  12  9  5 C
 0.407702641  12  9  6 C
 0.444556760  12  9  7 C
 0.468281092  12  10  7 C
 0.508419812  12  10  6 C
 0.537372166  12  9  6 C
 0.556392322  12  9  7 C
 0.583046378  12  10  7 C
 0.632920525  12  10  8 C
 0.667869965  12  10  7 C
 0.688874769  12  10  6 C
 0.715239342  12  10  5 C
 0.752829593  12  11  5 C
 0.795752010  12  11  4 C
 0.842619389  12  12  4 C
 0.867058873  12  12  5 C
 0.904878437  12  13  5 C
 0.926628861  12  15  15 C
 0.003280935  17  10  10 H
 0.043882731  17  10  9 H
 0.059151002  17  10  10 H
 0.105185040  17  9  10 H
 0.129094032  17  10  10 H
 0.167922922  17  10  11 H
 0.214125060  17  10  12 H
 0.262957209  17  10  13 H
 0.307800867  17  9  13 H
 0.319138834  17  9  14 H
 0.341426629  17  10  14 H
 0.356977974  17  9  14 H
 0.370052420  17  10  14 H
 0.404741768  17  10  13 H
 0.422453726  17  10  12 H
 0.467438775  17  11  12 H
 0.497178043  17  10  12 H
 0.509787480  17  9  12 H
 0.540179264  17  9  11 H
 0.579498850  17  9  10 H
 0.597095046  17  10  10 H
 0.609907157  17  9  10 H
 0.656088869  17  9  11 H
 0.672082702  17  8  11 H
 0.705004934  17  8  12 H
 0.745916315  17  9  12 H
 0.782944918  17  9  13 H
 0.793557373  17  9  14 H
 0.836279361  17  9  13 H
 0.877576384  17  9  12 H
 0.907246093  17  8  12 H
 0.919032319  17  9  12 H
 0.947323753  17  8  12 H
 0.978413690  17  9  12 H
 1.016099487  17  8  12 H
 1.049361759  17  7  12 H
 1.088964811  17  8  12 H
 1.412957574  17  8  12 h
 1.035873287  29  3  4 4
 2.337231720  29  15  15 4
 1.970908162  28  10  7 3
 3.773009271  28  15  15 3
 2.779781362  34  14  14 9
 3.881589829  34  15  15 9
 1.218943432  33  0  9 8
 4.322399773  33  15  15 8
 4.155361958  30  6  4 5
 4.355614980  30  15  15 5
 4.084976333  25  9  1 0
 4.485568285  25  15  15 0
 4.387029729  27  9  13 2
 4.487128489  27  15  15 2
 1.182948769  31  13  2 6
 4.487948314  31  15  15 6
 4.864071885  32  0  7 7
 4.964194221  32  15  15 7
 2.769796886  26  12  7 1
 4.973185451  26  15  15 1
 0.001458536  6  0  12 #
 0.001758881  8  14  11 #
 0.000986654  3  1  6 #
 0.000834833  2  14  9 #
 0.000689064  1  13  13 #
 0.818058030  1  13  13 k
 0.918163764  1  13  13 #
 0.001909840  9  8  3 #
 0.125719915  9  8  3 e
 0.225818975  9  8  3 #
 0.001604917  7  14  5 #
 0.926615937  7  14  5 c
 1.026689201  7  14  5 #
 0.000481761  0  5  10 #
 0.342074216  0  5  10 i
 0.442166372  0  5  10 #
 0.001305453  5  1  3 #
 0.357380878  5  1  3 n
 0.457795461  5  1  3 #
 0.740298832  5  1  3 a
 0.840394106  5  1  3 #
 0.001134677  4  6  0 #
 0.070773766  4  6  0 l
 0.170869768  4  6  0 #
 0.349385660  4  6  0 f
 0.449488626  4  6  0 #
