-1 15 15 15
1745774140484822012 5 4 5 F
1745774140490089372 2 2 3 C
1745774140492650113 11 10 11 L
1745774140494608128 9 10 9 J
1745774140499671450 8 8 9 I
1745774140505341086 5 3 5 F
1745774140507708078 7 8 7 H
1745774140509741356 6 6 5 G
1745774140509778697 13 12 13 N
1745774140510855245 1 0 1 B
1745774140512014591 9 11 9 J
1745774140512039558 10 10 9 K
1745774140513147576 2 2 4 C
1745774140513172123 3 2 3 D
1745774140514672497 4 4 3 E
1745774140520671609 8 8 10 I
1745774140521820264 14 14 13 O
1745774140526113411 4 4 2 E
1745774140527228813 3 1 3 D
1745774140527255163 7 9 7 H
1745774140528674734 5 2 5 F
1745774140532128975 10 10 8 K
1745774140535631168 11 9 11 L
1745774140536724878 9 12 9 J
1745774140537822887 14 14 12 O
1745774140539540454 1 14 1 B
1745774140539560112 0 0 1 A
1745774140539597192 4 4 1 E
1745774140547154148 3 0 3 D
1745774140551354839 13 11 13 N
1745774140551396478 12 12 13 M
1745774140552497372 6 6 4 G
1745774140553569231 9 13 9 J
1745774140554729208 14 14 11 O
1745774140558171185 8 8 11 I
1745774140561668849 5 1 5 F
1745774140561713184 2 2 5 C
1745774140565246906 1 13 1 B
1745774140567445428 6 6 3 G
1745774140567486516 0 0 2 A
1745774140569613322 10 10 7 K
1745774140571793510 12 12 14 M
1745774140571810632 13 10 13 N
1745774140572938949 5 0 5 F
1745774140574085850 4 4 0 E
1745774140577384696 9 14 9 J
1745774140583664352 14 14 10 O
1745774140593176356 2 2 6 C
1745774140596425688 3 14 3 D
1745774140598613810 0 0 3 A
1745774140600794348 1 12 1 B
1745774140601904901 5 14 5 F
1745774140603027497 6 6 2 G
1745774140604170030 8 8 12 I
1745774140604203514 11 8 11 L
1745774140607430372 12 12 0 M
1745774140610673331 10 10 6 K
1745774140610694111 7 10 7 H
1745774140611793392 2 2 7 C
1745774140612904706 13 9 13 N
1745774140619658915 4 4 14 E
1745774140620744079 9 0 9 J
1745774140620755942 14 14 9 O
1745774140621862216 11 7 11 L
1745774140625102470 2 2 8 C
1745774140628359346 3 13 3 D
1745774140628384594 10 10 5 K
1745774140636129547 1 11 1 B
1745774140638325866 12 12 1 M
1745774140639459372 8 8 13 I
1745774140640586326 4 4 13 E
1745774140640624158 11 6 11 L
1745774140642794647 0 0 4 A
1745774140644968983 6 6 1 G
1745774140648234735 9 1 9 J
1745774140651351445 7 11 7 H
1745774140652445696 5 13 5 F
1745774140654599985 14 14 8 O
1745774140658841673 11 5 11 L
1745774140659921367 2 2 9 C
1745774140662118717 1 10 1 B
1745774140667562343 8 8 14 I
1745774140667572552 13 8 13 N
1745774140669713104 6 6 0 G
1745774140671924782 3 12 3 D
1745774140671964106 14 14 7 O
1745774140677345974 10 10 4 K
1745774140680580537 12 12 2 M
1745774140681661003 5 12 5 F
1745774140681673987 0 0 5 A
1745774140682743682 7 12 7 H
1745774140686054982 13 7 13 N
1745774140687281575 3 11 3 D
1745774140688410312 8 8 0 I
1745774140689513922 10 10 3 K
1745774140690604456 4 4 12 E
1745774140694825997 6 6 14 G
1745774140697054526 5 11 5 F
1745774140699340315 7 13 7 H
1745774140699365813 1 9 1 B
1745774140702592181 2 2 10 C
1745774140702616206 9 2 9 J
1745774140703778988 12 12 3 M
1745774140706015182 11 4 11 L
1745774140709301925 0 0 6 A
1745774140713650357 2 2 11 C
1745774140713691225 14 14 6 O
1745774140716909467 8 8 1 I
1745774140720145994 6 6 13 G
1745774140724438660 5 10 5 F
1745774140726684041 0 0 7 A
1745774140730210600 9 3 9 J
1745774140732165348 10 10 2 K
1745774140733234803 12 12 4 M
1745774140733275560 6 6 12 G
1745774140733288124 13 6 13 N
1745774140733320265 3 10 3 D
1745774140738635377 7 14 7 H
1745774140742950225 5 9 5 F
1745774140744074113 11 3 11 L
1745774140744098148 4 4 11 E
1745774140747359342 6 6 11 G
1745774140747408035 14 14 5 O
1745774140750627519 0 0 8 A
1745774140754940795 2 2 12 C
1745774140756063080 11 2 11 L
1745774140756101392 10 10 1 K
1745774140758299865 14 14 4 O
1745774140762614112 0 0 9 A
1745774140763724214 9 4 9 J
1745774140767078895 12 12 5 M
1745774140767109674 8 8 2 I
1745774140767119873 1 8 1 B
1745774140772651486 4 4 10 E
1745774140774793140 11 1 11 L
1745774140777993088 2 2 13 C
1745774140778010230 6 6 10 G
1745774140783365067 13 5 13 N
1745774140783391006 3 9 3 D
1745774140785510278 12 12 6 M
1745774140786603417 5 8 5 F
1745774140786644696 0 0 10 A
1745774140788788704 7 0 7 H
1745774140789897073 9 5 9 J
1745774140790983810 2 2 14 C
1745774140796232254 8 8 3 I
1745774140796249527 6 6 9 G
1745774140798409697 10 10 0 K
1745774140801808863 14 14 3 O
1745774140808424758 0 0 11 A
1745774140809541092 6 6 8 G
1745774140809556972 9 6 9 J
1745774140811691032 1 7 1 B
1745774140812911493 8 8 4 I
1745774140812936491 3 8 3 D
1745774140816209197 13 4 13 N
1745774140817473652 4 4 9 E
1745774140820708857 10 10 14 K
1745774140824912904 5 7 5 F
1745774140824931600 2 2 0 C
1745774140827127026 12 12 7 M
1745774140829302374 7 1 7 H
1745774140832549952 4 4 8 E
1745774140838827184 9 7 9 J
1745774140842036509 2 2 1 C
1745774140842062639 13 3 13 N
1745774140843175165 12 12 8 M
1745774140846427672 14 14 2 O
1745774140846455004 0 0 12 A
1745774140846466346 11 0 11 L
1745774140847545399 7 2 7 H
1745774140847562271 5 6 5 F
1745774140848759899 1 6 1 B
1745774140849904466 3 7 3 D
1745774140855230869 6 6 7 G
1745774140857408922 12 12 9 M
1745774140859597796 11 14 11 L
1745774140861774988 7 3 7 H
1745774140861801859 4 4 7 E
1745774140866133629 10 10 13 K
1745774140869353485 3 6 3 D
1745774140873529629 5 5 5 F
1745774140876776215 1 5 1 B
1745774140877921914 9 8 9 J
1745774140880157006 12 12 10 M
1745774140881236961 2 2 2 C
1745774140884423362 0 0 13 A
1745774140885523345 13 2 13 N
1745774140887746524 10 10 12 K
1745774140889938794 14 14 1 O
1745774140895244387 3 5 3 D
1745774140901615106 2 2 3 C
1745774140901655022 4 4 6 E
1745774140901655393 11 13 11 L
1745774140901668608 7 4 7 H
1745774140903804371 9 9 9 J
1745774140904915355 6 6 6 G
1745774140908061399 5 4 5 F
1745774140908074374 0 0 14 A
1745774140911260886 12 12 11 M
1745774140912344267 13 1 13 N
1745774140914488015 10 10 11 K
1745774140917693523 1 4 1 B
1745774140919932672 14 14 0 O
1745774140923206180 3 4 3 D
1745774140925471920 7 5 7 H
1745774140925510954 6 6 5 G
1745774140928737753 10 10 10 K
1745774140930954710 2 2 4 C
1745774140932077055 13 0 13 N
1745774140933225590 1 3 1 B
1745774140936446347 7 6 7 H
1745774140942747804 14 14 14 O
1745774140942769506 3 3 3 D
1745774140944932921 5 3 5 F
1745774140951442515 0 0 0 A
1745774140951619351 4 4 5 E
1745774140952533760 9 10 9 J
1745774140959329548 13 14 13 N
1745774140959355548 12 12 12 M
1745774140959365286 11 12 11 L
1745774140969968276 6 6 4 G
1745774140971076104 2 2 5 C
1745774140973297610 7 7 7 H
1745774140974427680 9 11 9 J
1745774140974444842 10 10 9 K
1745774140975569121 3 2 3 D
1745774140976686336 1 2 1 B
1745774140976701565 4 4 4 E
1745774140986376049 2 2 6 C
1745774140986400406 5 2 5 F
1745774140987575211 1 1 1 B
1745774140990816587 13 13 13 N
1745774140990831876 14 14 13 O
1745774140991938190 3 1 3 D
1745774140991975281 9 12 9 J
1745774140999342526 0 0 1 A
1745774141001504429 6 6 3 G
1745774141001521932 7 8 7 H
1745774141002596145 14 14 12 O
1745774141004747368 9 13 9 J
1745774141006906966 4 4 3 E
1745774141008029571 11 11 11 L
1745774141009148580 12 12 13 M
1745774141014538464 3 0 3 D
1745774141017663067 0 0 2 A
1745774141017684037 1 0 1 B
1745774141019827254 4 4 2 E
1745774141019849557 10 10 8 K
1745774141020955230 12 12 14 M
1745774141020979346 13 12 13 N
1745774141023167950 2 2 7 C
1745774141025307269 3 14 3 D
1745774141028578202 6 6 2 G
1745774141029707259 5 1 5 F
1745774141030808033 9 14 9 J
1745774141035191202 14 14 11 O
1745774141038433850 10 10 7 K
1745774141041647143 11 10 11 L
1745774141042869027 2 2 8 C
1745774141042912129 7 9 7 H
1745774141045208758 5 0 5 F
1745774141048504337 0 0 3 A
1745774141050678864 3 13 3 D
1745774141050694805 14 14 10 O
1745774141056133300 13 11 13 N
1745774141059330983 1 14 1 B
1745774141060433430 10 10 6 K
1745774141062580695 2 2 9 C
1745774141063771681 6 6 1 G
1745774141066953614 0 0 4 A
1745774141068176150 4 4 1 E
1745774141069274930 11 9 11 L
1745774141069313684 12 12 0 M
1745774141071509551 5 14 5 F
1745774141074816362 9 0 9 J
1745774141078366194 3 12 3 D
1745774141078391743 2 2 10 C
1745774141084632755 10 10 5 K
1745774141084666920 7 10 7 H
1745774141086793837 6 6 0 G
1745774141088998831 4 4 0 E
1745774141091226419 14 14 9 O
1745774141094559970 0 0 5 A
1745774141098769167 1 13 1 B
1745774141105777770 0 0 6 A
1745774141105830581 13 10 13 N
1745774141106922888 9 1 9 J
1745774141111302790 10 10 4 K
1745774141112506560 5 13 5 F
1745774141118819510 11 8 11 L
1745774141119940382 12 12 1 M
1745774141121084007 7 11 7 H
1745774141121121990 9 2 9 J
1745774141121161605 2 2 11 C
1745774141121170131 3 11 3 D
1745774141125353740 14 14 8 O
1745774141129570531 6 6 14 G
1745774141132908982 10 10 3 K
1745774141138298445 4 4 14 E
1745774141139449685 13 9 13 N
1745774141140535911 0 0 7 A
1745774141143812835 12 12 2 M
1745774141143836981 1 12 1 B
1745774141143986726 11 7 11 L
1745774141148348533 5 12 5 F
1745774141150524623 13 8 13 N
1745774141153761310 9 3 9 J
1745774141154910707 14 14 7 O
1745774141162448296 2 2 12 C
1745774141163577844 7 12 7 H
1745774141165788059 9 4 9 J
1745774141166905996 10 10 2 K
1745774141166921635 3 10 3 D
1745774141166956572 6 6 13 G
1745774141168076302 12 12 3 M
1745774141171361081 5 11 5 F
1745774141172462416 13 7 13 N
1745774141174626362 4 4 13 E
1745774141174665697 0 0 8 A
1745774141174688080 1 11 1 B
1745774141177989039 9 5 9 J
1745774141179110703 14 14 6 O
1745774141183236762 7 13 7 H
1745774141184405375 2 2 13 C
1745774141187714310 6 6 12 G
1745774141187734758 13 6 13 N
1745774141188895637 11 6 11 L
1745774141194340154 14 14 5 O
1745774141196538436 4 4 12 E
1745774141196577460 12 12 4 M
1745774141196597038 3 9 3 D
1745774141196607277 0 0 9 A
1745774141198764992 1 10 1 B
1745774141209225962 3 8 3 D
1745774141210329060 4 4 11 E
1745774141215760863 5 10 5 F
1745774141215804887 0 0 10 A
1745774141217944057 12 12 5 M
1745774141223381590 14 14 4 O
1745774141225579121 2 2 14 C
1745774141227752145 9 6 9 J
1745774141228898365 3 7 3 D
1745774141231129139 7 14 7 H
1745774141231167301 13 5 13 N
1745774141234443373 5 9 5 F
1745774141236609214 11 5 11 L
1745774141236624002 6 6 11 G
1745774141244094212 4 4 10 E
1745774141245225765 1 9 1 B
1745774141245249680 10 10 1 K
1745774141245264158 3 6 3 D
1745774141252734459 6 6 10 G
1745774141253855652 9 7 9 J
1745774141253871452 5 8 5 F
1745774141253896560 2 2 0 C
1745774141256120981 3 5 3 D
1745774141262309534 12 12 6 M
1745774141262467194 0 0 11 A
1745774141272973079 14 14 3 O
1745774141274120392 6 6 9 G
1745774141275236174 9 8 9 J
1745774141279500417 13 4 13 N
1745774141279538148 7 0 7 H
1745774141280590921 11 4 11 L
1745774141281710200 4 4 9 E
1745774141282790295 0 0 12 A
1745774141286120670 12 12 7 M
1745774141291510193 14 14 2 O
1745774141291535421 1 8 1 B
1745774141293672256 2 2 1 C
1745774141294855016 3 4 3 D
1745774141294897026 11 3 11 L
1745774141301366242 13 3 13 N
1745774141303565215 6 6 8 G
1745774141303674854 5 7 5 F
1745774141305846395 7 1 7 H
1745774141305863528 4 4 8 E
1745774141306969602 2 2 2 C
1745774141308110873 0 0 13 A
1745774141309226796 12 12 8 M
1745774141309317558 9 9 9 J
1745774141310331557 3 3 3 D
1745774141321949147 2 2 3 C
1745774141324194549 7 2 7 H
1745774141325292598 13 2 13 N
1745774141326398511 12 12 9 M
1745774141334951753 6 6 7 G
1745774141336071703 5 6 5 F
1745774141336108493 11 2 11 L
1745774141340391821 1 7 1 B
1745774141342580675 0 0 14 A
1745774141344773567 9 10 9 J
1745774141347016764 6 6 6 G
1745774141352225082 4 4 7 E
1745774141356568635 1 6 1 B
1745774141357655983 0 0 0 A
1745774141359768171 7 3 7 H
1745774141362970353 9 11 9 J
1745774141364093590 2 2 4 C
1745774141364117315 3 2 3 D
1745774141373388472 12 12 10 M
1745774141373441633 13 1 13 N
1745774141374489747 3 1 3 D
1745774141377700845 5 5 5 F
1745774141377716916 6 6 5 G
1745774141377743125 11 1 11 L
1745774141379913935 1 5 1 B
1745774141382057142 4 4 6 E
1745774141383174007 9 12 9 J
1745774141387409324 0 0 1 A
1745774141393650196 5 4 5 F
1745774141394731994 7 4 7 H
1745774141399992651 6 6 4 G
1745774141400030874 12 12 11 M
1745774141404358316 2 2 5 C
1745774141405487284 7 5 7 H
1745774141406601594 11 0 11 L
1745774141410938394 0 0 2 A
1745774141410990673 3 0 3 D
1745774141415222013 2 2 6 C
1745774141419408587 9 13 9 J
1745774141422585811 13 0 13 N
1745774141423665445 12 12 12 M
1745774141424760307 11 14 11 L
1745774141424781878 1 4 1 B
1745774141438304232 7 6 7 H
1745774141438341172 6 6 3 G
1745774141440499188 5 3 5 F
1745774141440524616 4 4 5 E
1745774141446848406 13 14 13 N
1745774141446889494 11 13 11 L
1745774141446903971 3 14 3 D
1745774141446908019 0 0 3 A
1745774141453254913 6 6 2 G
1745774141454411032 9 14 9 J
1745774141462503016 1 3 1 B
1745774141462586905 2 2 7 C
1745774141463637334 3 13 3 D
1745774141468901698 13 13 13 N
1745774141468942656 12 12 13 M
1745774141477374276 5 2 5 F
1745774141478506470 4 4 4 E
1745774141479597535 0 0 4 A
1745774141479653732 9 0 9 J
1745774141480758414 11 12 11 L
1745774141486238027 3 12 3 D
1745774141486293162 7 7 7 H
1745774141486328810 2 2 8 C
1745774141489557192 6 6 1 G
1745774141494937406 1 2 1 B
1745774141498151741 9 1 9 J
1745774141499234291 0 0 5 A
1745774141504524414 6 6 0 G
1745774141513093145 11 11 11 L
1745774141513118823 5 1 5 F
1745774141513129915 1 1 1 B
1745774141514231089 2 2 9 C
1745774141514257099 12 12 14 M
1745774141514266807 13 12 13 N
1745774141517530456 7 8 7 H
1745774141523913308 4 4 3 E
1745774141528345830 0 0 6 A
1745774141528370076 5 0 5 F
1745774141529496779 1 0 1 B
1745774141532707387 3 11 3 D
1745774141537091236 11 10 11 L
1745774141540418446 1 14 1 B
1745774141542594706 12 12 0 M
1745774141548909899 0 0 7 A
1745774141552147268 6 6 14 G
1745774141557461748 4 4 2 E
1745774141558569024 13 11 13 N
1745774141558607818 2 2 10 C
1745774141558619610 9 2 9 J
1745774141565632291 7 9 7 H
1745774141568842568 5 14 5 F
1745774141573141045 13 10 13 N
1745774141580585176 12 12 1 M
1745774141581677744 3 10 3 D
1745774141582797645 1 13 1 B
1745774141584996758 4 4 1 E
1745774141586227419 2 2 11 C
1745774141586247898 0 0 8 A
1745774141586257767 11 9 11 L
1745774141591588899 9 3 9 J
1745774141592670326 13 9 13 N
1745774141602356301 11 8 11 L
1745774141602373755 9 4 9 J
1745774141603458448 3 9 3 D
1745774141606695105 0 0 9 A
1745774141606712799 12 12 2 M
1745774141606720684 1 12 1 B
1745774141611981612 7 10 7 H
1745774141615235803 9 5 9 J
1745774141618455077 1 11 1 B
1745774141621644103 12 12 3 M
1745774141623796728 2 2 12 C
1745774141623835482 0 0 10 A
1745774141623850300 4 4 0 E
1745774141624975681 13 8 13 N
1745774141632916166 11 7 11 L
1745774141634074500 7 11 7 H
1745774141635229317 12 12 4 M
1745774141636357653 2 2 13 C
1745774141638605168 3 8 3 D
1745774141649105724 0 0 11 A
1745774141649134849 2 2 14 C
1745774141651321509 9 6 9 J
1745774141655583637 7 12 7 H
1745774141657757022 13 7 13 N
1745774141661016923 12 12 5 M
1745774141663236034 4 4 14 E
1745774141664340325 11 6 11 L
1745774141665467640 9 7 9 J
1745774141676307561 3 7 3 D
1745774141683641953 0 0 12 A
1745774141684721126 11 5 11 L
1745774141684764859 2 2 0 C
1745774141691140588 12 12 6 M
1745774141692280877 4 4 13 E
1745774141697632628 7 13 7 H
1745774141699780674 13 6 13 N
1745774141699796895 2 2 1 C
1745774141706542778 4 4 12 E
1745774141710789016 12 12 7 M
1745774141712972469 9 8 9 J
1745774141715198925 0 0 13 A
1745774141719456404 3 6 3 D
1745774141723728701 2 2 2 C
1745774141735482260 7 14 7 H
1745774141736590037 12 12 8 M
1745774141736630935 13 5 13 N
1745774141737676244 1 11 1 b
1745774141748291157 4 4 11 E
1745774141748339910 12 12 9 M
1745774141750511040 3 5 3 D
1745774141750527491 9 9 9 J
1745774141765286177 0 0 14 A
1745774141769582169 7 0 7 H
1745774141772794199 2 2 3 C
1745774141773937204 9 10 9 J
1745774141778317466 12 12 10 M
1745774141785590782 9 11 9 J
1745774141789815349 12 12 11 M
1745774141789838543 0 0 0 A
1745774141792027046 3 4 3 D
1745774141793147708 2 2 4 C
1745774141796339831 4 4 10 E
1745774141813201597 0 0 1 A
1745774141817518249 7 1 7 H
1745774141818641305 3 3 3 D
1745774141822913783 9 12 9 J
1745774141826227386 12 12 12 M
1745774141829406965 3 2 3 D
1745774141830501968 4 4 9 E
1745774141836726158 2 2 5 C
1745774141841918837 12 12 13 M
1745774141841960436 9 13 9 J
1745774141850214828 7 2 7 H
1745774141856476360 0 0 2 A
1745774141862646137 3 1 3 D
1745774141863734727 4 4 8 E
1745774141869091478 0 0 3 A
1745774141869116505 2 2 6 C
1745774141874459018 9 14 9 J
1745774141890574155 12 12 14 M
1745774141898130449 7 3 7 H
1745774141898154986 2 2 7 C
1745774141902329757 4 4 7 E
1745774141902347331 0 0 4 A
1745774141902351459 3 0 3 D
1745774141915699140 2 2 8 C
1745774141918989920 9 0 9 J
1745774141922230345 12 12 0 M
1745774141923337531 4 4 6 E
1745774141923363510 3 14 3 D
1745774141925556763 7 4 7 H
1745774141935212561 12 12 1 M
1745774141942639159 0 0 5 A
1745774141951163705 12 12 2 M
1745774141957340916 2 2 9 C
1745774141960523601 3 13 3 D
1745774141964773976 9 1 9 J
1745774141968013579 7 5 7 H
1745774141968039007 0 0 6 A
1745774141973323861 4 4 5 E
1745774141975525980 3 12 3 D
1745774141978710378 7 6 7 H
1745774141982122238 2 2 10 C
1745774141990362403 9 2 9 J
1745774141992556317 4 4 4 E
1745774142002074444 2 2 11 C
1745774142010703810 0 0 7 A
1745774142013924897 3 11 3 D
1745774142013950265 12 12 3 M
1745774142019394141 9 3 9 J
1745774142022606933 7 7 7 H
1745774142024808020 4 4 3 E
1745774142029138979 2 2 12 C
1745774142033334210 0 0 8 A
1745774142034461514 12 12 4 M
1745774142040744887 7 8 7 H
1745774142044041378 4 4 2 E
1745774142055805998 9 4 9 J
1745774142060217380 3 10 3 D
1745774142062393920 0 0 9 A
1745774142068745633 12 12 5 M
1745774142070924288 2 2 13 C
1745774142074141067 4 4 1 E
1745774142074198436 7 9 7 H
1745774142088917266 12 12 6 M
1745774142091122742 2 2 14 C
1745774142101489873 3 9 3 D
1745774142102585798 9 5 9 J
1745774142110810474 0 0 10 A
1745774142110851913 7 10 7 H
1745774142122718397 4 4 0 E
1745774142125948932 3 8 3 D
1745774142128206226 12 12 7 M
1745774142140989995 2 2 0 C
1745774142141030412 12 12 8 M
1745774142146732469 9 6 9 J
1745774142147843973 0 0 11 A
1745774142156122162 7 11 7 H
1745774142159339483 9 7 9 J
1745774142165735039 3 7 3 D
1745774142166823269 2 2 1 C
1745774142167975260 4 4 14 E
1745774142180660161 12 12 9 M
1745774142181747078 7 12 7 H
1745774142184952396 0 0 12 A
1745774142203766977 9 8 9 J
1745774142205989425 4 4 13 E
1745774142208230959 2 2 2 C
1745774142210411487 12 12 10 M
1745774142212625609 3 6 3 D
1745774142217829027 0 0 13 A
1745774142225118805 3 5 3 D
1745774142236675339 2 2 3 C
1745774142240906027 12 12 11 M
1745774142242031408 3 4 3 D
1745774142243172839 4 4 12 E
1745774142250648711 9 9 9 J
1745774142255830468 4 4 11 E
1745774142255872198 3 3 3 D
1745774142261229890 9 10 9 J
1745774142263425316 0 0 14 A
1745774142269798119 4 4 10 E
1745774142274060698 12 12 12 M
1745774142276506420 0 0 0 A
1745774142279758627 2 2 4 C
1745774142279780809 3 2 3 D
1745774142285134804 9 11 9 J
1745774142304360498 4 4 9 E
1745774142304386157 2 2 5 C
1745774142306693295 0 0 1 A
1745774142309979878 3 1 3 D
1745774142317650459 12 12 13 M
1745774142325038404 2 2 6 C
1745774142328299187 4 4 8 E
1745774142333628575 9 12 9 J
1745774142335776321 2 2 7 C
1745774142341083486 12 12 14 M
1745774142343286217 4 4 7 E
1745774142350791606 0 0 2 A
1745774142350846440 3 0 3 D
1745774142361480268 12 12 0 M
1745774142364703981 3 14 3 D
1745774142373009611 9 13 9 J
1745774142374157244 12 12 1 M
1745774142374211407 0 0 3 A
1745774142385328645 4 4 6 E
1745774142385378139 2 2 8 C
1745774142402491384 0 0 4 A
1745774142409087673 2 2 9 C
1745774142410230306 9 14 9 J
1745774142411356959 3 13 3 D
1745774142412462242 12 12 2 M
1745774142435338851 4 4 5 E
1745774142450360336 3 12 3 D
1745774142457645645 2 2 10 C
1745774142474311118 3 11 3 D
1745774142474347107 12 12 3 M
1745774142475522573 4 4 4 E
1745774142484750227 2 2 11 C
1745774142491396951 3 10 3 D
1745774142511101135 4 4 3 E
1745774142518784290 12 12 4 M
1745774142519923928 2 2 12 C
1745774142527195291 4 4 2 E
1745774142533471119 12 12 5 M
1745774142534578005 3 9 3 D
1745774142555483855 4 4 1 E
1745774142564842588 3 8 3 D
1745774142568086629 2 2 13 C
1745774142580540380 4 4 0 E
1745774142581655591 12 12 6 M
1745774142608948642 2 2 14 C
1745774142615632516 3 7 3 D
1745774142617836499 4 4 14 E
1745774142635496574 3 6 3 D
1745774142649696397 2 2 0 C
1745774142649737665 4 4 13 E
1745774142651851636 3 5 3 D
1745774142672682694 4 4 12 E
1745774142672722300 2 2 1 C
1745774142696761570 12 12 6 m
1745774142698002611 2 2 2 C
1745774142702229952 3 4 3 D
1745774142711566784 4 4 11 E
1745774142720297964 2 2 3 C
1745774142723513891 3 3 3 D
1745774142851726954 3 3 3 d
