-1 15 15 15
1745774145565311479 0 0 1 A
1745774145571574974 3 4 3 D
1745774145574777386 6 6 7 G
1745774145579002133 13 14 13 N
1745774145582201940 10 10 9 K
1745774145583334995 8 8 7 I
1745774145583398717 12 12 13 M
1745774145584472800 11 10 11 L
1745774145586608393 2 2 3 C
1745774145596101692 12 12 14 M
1745774145598281959 0 0 2 A
1745774145598297449 1 0 1 B
1745774145603474678 5 4 5 F
1745774145604576995 6 6 8 G
1745774145604593947 7 6 7 H
1745774145605958543 2 2 4 C
1745774145611154838 13 0 13 N
1745774145611168904 14 14 13 O
1745774145612279878 8 8 6 I
1745774145612319243 11 9 11 L
1745774145614482348 10 10 8 K
1745774145614512345 3 5 3 D
1745774145614519208 4 4 3 E
1745774145614521302 9 10 9 J
1745774145618687637 7 5 7 H
1745774145622847410 6 6 9 G
1745774145624021224 14 14 12 O
1745774145628225010 11 8 11 L
1745774145628394493 10 10 7 K
1745774145630612723 0 0 3 A
1745774145633766322 12 12 0 M
1745774145633778345 5 3 5 F
1745774145639505960 6 6 10 G
1745774145643879160 9 11 9 J
1745774145644044664 8 8 5 I
1745774145645136191 1 14 1 B
1745774145646257885 12 12 1 M
1745774145648432261 3 6 3 D
1745774145648475112 5 2 5 F
1745774145649577750 11 7 11 L
1745774145651760693 13 1 13 N
1745774145653908128 10 10 6 K
1745774145655141234 6 6 11 G
1745774145655157374 8 8 4 I
1745774145657271245 7 4 7 H
1745774145660431798 0 0 4 A
1745774145661515149 3 7 3 D
1745774145662620892 1 13 1 B
1745774145663739220 4 4 2 E
1745774145665885152 14 14 11 O
1745774145668202220 9 12 9 J
1745774145670481055 12 12 2 M
1745774145671592309 5 1 5 F
1745774145671601756 2 2 5 C
1745774145673751747 0 0 5 A
1745774145678188907 8 8 3 I
1745774145680359697 13 2 13 N
1745774145691893638 0 0 6 A
1745774145694098182 4 4 1 E
1745774145695219896 10 10 5 K
1745774145696333805 5 0 5 F
1745774145696350156 7 3 7 H
1745774145696373540 8 8 2 I
1745774145697476859 12 12 3 M
1745774145699639834 14 14 10 O
1745774145699650073 6 6 12 G
1745774145699654181 11 6 11 L
1745774145699684649 2 2 6 C
1745774145703876543 3 8 3 D
1745774145708208414 13 3 13 N
1745774145711368165 1 12 1 B
1745774145711409052 9 13 9 J
1745774145712450844 0 0 7 A
1745774145714599502 4 4 0 E
1745774145714643606 11 5 11 L
1745774145715732507 3 9 3 D
1745774145719984736 10 10 4 K
1745774145719999364 14 14 9 O
1745774145720027758 7 2 7 H
1745774145730619677 13 4 13 N
1745774145734769782 8 8 1 I
1745774145736944619 6 6 13 G
1745774145739116290 3 10 3 D
1745774145740332935 5 14 5 F
1745774145742478627 4 4 14 E
1745774145746760833 12 12 4 M
1745774145747866987 8 8 0 I
1745774145748968522 14 14 8 O
1745774145750091589 11 4 11 L
1745774145750233529 7 1 7 H
1745774145750256643 2 2 7 C
1745774145753472270 1 11 1 B
1745774145754555060 0 0 8 A
1745774145756690652 13 5 13 N
1745774145756698587 4 4 13 E
1745774145760964262 9 14 9 J
1745774145766459776 2 2 8 C
1745774145771764868 6 6 14 G
1745774145772896942 5 13 5 F
1745774145776199444 8 8 14 I
1745774145777305799 14 14 7 O
1745774145777324534 0 0 9 A
1745774145780558927 12 12 5 M
1745774145783716905 11 3 11 L
1745774145786051506 3 11 3 D
1745774145786065403 10 10 3 K
1745774145787196123 7 0 7 H
1745774145788397499 6 6 0 G
1745774145789482002 13 6 13 N
1745774145792666740 1 10 1 B
1745774145793739401 4 4 12 E
1745774145798044520 8 8 13 I
1745774145798087362 14 14 6 O
1745774145801272080 2 2 9 C
1745774145802385749 12 12 6 M
1745774145804560085 11 2 11 L
1745774145807875853 5 12 5 F
1745774145811116357 0 0 10 A
1745774145811130133 9 0 9 J
1745774145813279743 7 14 7 H
1745774145813294531 14 14 5 O
1745774145814370948 6 6 1 G
1745774145814388091 3 12 3 D
1745774145816525357 10 10 2 K
1745774145819715465 12 12 7 M
1745774145824976093 13 7 13 N
1745774145829267176 1 9 1 B
1745774145829281082 10 10 1 K
1745774145834560525 4 4 11 E
1745774145841018851 2 2 10 C
1745774145843186976 11 1 11 L
1745774145846466905 7 13 7 H
1745774145846514485 9 1 9 J
1745774145848660838 8 8 12 I
1745774145848669164 13 8 13 N
1745774145848706125 6 6 2 G
1745774145848815994 1 8 1 B
1745774145848826604 14 14 4 O
1745774145850792484 0 0 11 A
1745774145852115470 4 4 10 E
1745774145857941313 5 11 5 F
1745774145860166426 3 13 3 D
1745774145861274013 2 2 11 C
1745774145864456026 13 9 13 N
1745774145866621535 8 8 11 I
1745774145866638367 10 10 0 K
1745774145867713653 12 12 8 M
1745774145870971741 7 12 7 H
1745774145878435970 4 4 9 E
1745774145878491526 3 14 3 D
1745774145880772014 0 0 12 A
1745774145880793946 11 0 11 L
1745774145888280577 1 7 1 B
1745774145889409836 6 6 3 G
1745774145890581064 12 12 9 M
1745774145894992155 9 2 9 J
1745774145899152700 2 2 12 C
1745774145901298001 5 10 5 F
1745774145901459528 10 10 14 K
1745774145902546796 11 14 11 L
1745774145907801472 13 10 13 N
1745774145908933576 8 8 10 I
1745774145912146468 12 12 10 M
1745774145918521375 9 3 9 J
1745774145918535322 0 0 13 A
1745774145918565479 7 11 7 H
1745774145923957937 11 13 11 L
1745774145923994978 4 4 8 E
1745774145926210061 3 0 3 D
1745774145926222184 14 14 3 O
1745774145930513057 5 9 5 F
1745774145930538175 9 4 9 J
1745774145930655959 6 6 4 G
1745774145931758647 8 8 9 I
1745774145934942854 12 12 11 M
1745774145936272303 2 2 13 C
1745774145938450386 1 6 1 B
1745774145947194190 0 0 14 A
1745774145949358637 1 5 1 B
1745774145951569533 3 1 3 D
1745774145956973583 13 11 13 N
1745774145956997759 10 10 13 K
1745774145959216711 12 12 12 M
1745774145959240536 5 8 5 F
1745774145960325630 6 6 5 G
1745774145962658187 7 10 7 H
1745774145962700448 14 14 2 O
1745774145966137135 4 4 7 E
1745774145967237148 2 2 14 C
1745774145972595351 11 12 11 L
1745774145972618725 13 12 13 N
1745774145973697317 9 5 9 J
1745774145973739207 8 8 8 I
1745774145974806377 5 7 5 F
1745774145974830753 0 0 0 A
1745774145983373865 1 4 1 B
1745774145988710807 3 2 3 D
1745774145989829846 6 6 6 G
1745774145996134980 9 6 9 J
1745774145997231436 14 14 1 O
1745774146002637931 4 4 6 E
1745774146004821475 11 11 11 L
1745774146007022151 10 10 12 K
1745774146012401795 7 9 7 H
1745774146013527927 2 2 0 C
1745774146013570128 5 6 5 F
1745774146013696799 4 4 5 E
1745774146015685882 8 8 7 I
1745774146017869346 0 0 1 A
1745774146021113348 13 13 13 N
1745774146021137674 12 12 13 M
1745774146023309425 11 10 11 L
1745774146025493199 6 6 7 G
1745774146026583073 14 14 0 O
1745774146026597510 2 2 1 C
1745774146028732742 1 3 1 B
1745774146034207997 3 3 3 D
1745774146035311747 5 5 5 F
1745774146037511081 9 7 9 J
1745774146040728121 11 9 11 L
1745774146041854243 10 10 11 K
1745774146044061071 12 12 14 M
1745774146044086119 13 14 13 N
1745774146045230546 0 0 2 A
1745774146050616211 3 4 3 D
1745774146050638894 8 8 6 I
1745774146050657490 7 8 7 H
1745774146054870344 11 8 11 L
1745774146058077234 2 2 2 C
1745774146058102452 10 10 10 K
1745774146058114595 6 6 8 G
1745774146059235618 13 0 13 N
1745774146063531720 4 4 4 E
1745774146064757101 0 0 3 A
1745774146064774424 14 14 14 O
1745774146064773172 3 5 3 D
1745774146071222460 6 6 9 G
1745774146072521011 10 10 9 K
1745774146077860709 9 8 9 J
1745774146077903209 14 14 13 O
1745774146077922486 5 4 5 F
1745774146079046404 1 2 1 B
1745774146080205108 0 0 4 A
1745774146081310090 7 7 7 H
1745774146081335509 12 12 0 M
1745774146082477441 8 8 5 I
1745774146083591210 3 6 3 D
1745774146085777990 6 6 10 G
1745774146086872331 2 2 3 C
1745774146086904803 11 7 11 L
1745774146087984587 10 10 8 K
1745774146092369308 7 6 7 H
1745774146097705890 9 9 9 J
1745774146098792567 3 7 3 D
1745774146105173837 12 12 1 M
1745774146105193785 0 0 5 A
1745774146106281324 14 14 12 O
1745774146108458876 13 1 13 N
1745774146109586030 4 4 3 E
1745774146110699889 5 3 5 F
1745774146115088948 3 8 3 D
1745774146117289725 9 10 9 J
1745774146120558673 2 2 4 C
1745774146121650701 7 5 7 H
1745774146123831820 11 6 11 L
1745774146124944156 13 2 13 N
1745774146124981657 8 8 4 I
1745774146126191830 1 1 1 B
1745774146128360615 4 4 2 E
1745774146130621256 0 0 6 A
1745774146134694234 2 2 5 C
1745774146134805926 10 10 7 K
1745774146135910848 9 11 9 J
1745774146135928111 13 3 13 N
1745774146137034997 3 9 3 D
1745774146139235893 14 14 11 O
1745774146150810882 14 14 10 O
1745774146150868252 13 4 13 N
1745774146151975959 8 8 3 I
1745774146155219800 12 12 2 M
1745774146156322137 3 10 3 D
1745774146157450222 1 0 1 B
1745774146158555986 7 4 7 H
1745774146159656440 0 0 7 A
1745774146160745982 9 12 9 J
1745774146165083273 2 2 6 C
1745774146165107048 5 2 5 F
1745774146166293615 4 4 1 E
1745774146167418676 3 11 3 D
1745774146170567596 12 12 3 M
1745774146170606169 11 5 11 L
1745774146170624654 6 6 11 G
1745774146171790172 14 14 9 O
1745774146179175621 5 1 5 F
1745774146180285052 8 8 2 I
1745774146181412957 12 12 4 M
1745774146184669993 10 10 6 K
1745774146185783812 4 4 0 E
1745774146186863496 1 14 1 B
1745774146186884916 7 3 7 H
1745774146190229469 11 4 11 L
1745774146191357715 0 0 8 A
1745774146192487374 13 5 13 N
1745774146196682945 4 4 14 E
1745774146196705017 14 14 8 O
1745774146201020156 2 2 7 C
1745774146202242972 11 3 11 L
1745774146202272869 3 12 3 D
1745774146204418140 12 12 5 M
1745774146205547178 13 6 13 N
1745774146211014709 9 13 9 J
1745774146212229800 6 6 12 G
1745774146213358307 0 0 9 A
1745774146214484219 5 0 5 F
1745774146218773599 13 7 13 N
1745774146218827131 8 8 1 I
1745774146221047524 12 12 6 M
1745774146225450961 0 0 10 A
1745774146226586471 11 2 11 L
1745774146226598935 1 13 1 B
1745774146227670293 14 14 7 O
1745774146229817377 3 13 3 D
1745774146233144346 6 6 13 G
1745774146243782383 2 2 8 C
1745774146243803894 7 2 7 H
1745774146244907794 9 14 9 J
1745774146246030730 4 4 13 E
1745774146247176901 13 8 13 N
1745774146248283606 11 1 11 L
1745774146248308894 12 12 7 M
1745774146248321698 5 14 5 F
1745774146249481515 1 12 1 B
1745774146256990770 8 8 0 I
1745774146259233416 13 9 13 N
1745774146260374276 4 4 12 E
1745774146263634729 12 12 8 M
1745774146264722858 3 14 3 D
1745774146270166714 14 14 6 O
1745774146271245897 0 0 11 A
1745774146274513353 4 4 11 E
1745774146276668112 2 2 9 C
1745774146278809506 6 6 14 G
1745774146279956558 5 13 5 F
1745774146281077951 1 11 1 B
1745774146285396667 7 1 7 H
1745774146289743636 9 0 9 J
1745774146290837828 12 12 9 M
1745774146294099803 14 14 5 O
1745774146295226416 8 8 14 I
1745774146297400792 5 12 5 F
1745774146301585543 3 0 3 D
1745774146302686157 9 1 9 J
1745774146303792201 13 10 13 N
1745774146307114160 4 4 10 E
1745774146310403748 8 8 13 I
1745774146314704008 6 6 0 G
1745774146315820392 0 0 12 A
1745774146315835521 11 0 11 L
1745774146318052248 5 11 5 F
1745774146318077195 2 2 10 C
1745774146318159422 3 1 3 D
1745774146324936474 1 10 1 B
1745774146328226933 4 4 9 E
1745774146333656412 7 0 7 H
1745774146334772195 12 12 10 M
1745774146339923674 11 14 11 L
1745774146341065807 5 10 5 F
1745774146342197009 14 14 4 O
1745774146344373469 3 2 3 D
1745774146346578955 0 0 13 A
1745774146347670331 7 14 7 H
1745774146348751447 9 2 9 J
1745774146353016561 5 9 5 F
1745774146355143777 4 4 8 E
1745774146358421703 8 8 12 I
1745774146359556331 2 2 11 C
1745774146359579606 7 13 7 H
1745774146360650423 3 3 3 D
1745774146361768600 6 6 1 G
1745774146362912356 0 0 14 A
1745774146362966749 1 9 1 B
1745774146366227322 4 4 7 E
1745774146370419276 7 12 7 H
1745774146371605683 8 8 11 I
1745774146372686309 6 6 2 G
1745774146373802041 5 8 5 F
1745774146374950696 2 2 12 C
1745774146376068894 0 0 0 A
1745774146378349502 4 4 6 E
1745774146380608008 12 12 11 M
1745774146382851817 11 13 11 L
1745774146385198401 5 7 5 F
1745774146386300618 14 14 3 O
1745774146386354149 0 0 1 A
1745774146387443932 9 3 9 J
1745774146390656013 3 4 3 D
1745774146391841638 12 12 12 M
1745774146394034389 1 8 1 B
1745774146400878179 8 8 10 I
1745774146402015713 6 6 3 G
1745774146402054747 5 6 5 F
1745774146402105133 4 4 5 E
1745774146404229664 7 11 7 H
1745774146404291281 0 0 2 A
1745774146409552029 14 14 2 O
1745774146415827847 3 5 3 D
1745774146420158436 5 5 5 F
1745774146423383801 2 2 13 C
1745774146424510935 9 4 9 J
1745774146430920378 4 4 4 E
1745774146434136366 1 7 1 B
1745774146435230838 14 14 1 O
1745774146436335820 9 5 9 J
1745774146437461020 12 12 13 M
1745774146437498552 7 10 7 H
1745774146440767230 8 8 9 I
1745774146445101455 6 6 4 G
1745774146445125070 3 6 3 D
1745774146454748457 0 0 3 A
1745774146460119384 12 12 14 M
1745774146461230117 4 4 3 E
1745774146466592087 1 6 1 B
1745774146470762961 5 4 5 F
1745774146471908821 0 0 4 A
1745774146474129946 3 7 3 D
1745774146477375701 9 6 9 J
1745774146479550408 7 9 7 H
1745774146480663535 6 6 5 G
1745774146481782043 14 14 0 O
1745774146481797783 8 8 8 I
1745774146485035612 0 0 5 A
1745774146492534458 1 5 1 B
1745774146494778486 6 6 6 G
1745774146495928153 0 0 6 A
1745774146499162165 5 3 5 F
1745774146504565745 4 4 2 E
1745774146507759891 8 8 7 I
1745774146508903917 3 8 3 D
1745774146511111958 12 12 0 M
1745774146511150180 14 14 14 O
1745774146516305387 5 2 5 F
1745774146516331357 6 6 7 G
1745774146518642673 8 8 6 I
1745774146518663543 7 8 7 H
1745774146526205961 9 7 9 J
1745774146531565226 3 9 3 D
1745774146531585525 0 0 7 A
1745774146535797668 1 4 1 B
1745774146541205806 6 6 8 G
1745774146546578346 9 8 9 J
1745774146552983961 1 3 1 B
1745774146553009179 6 6 9 G
1745774146553018527 4 4 1 E
1745774146554119371 0 0 8 A
1745774146554159177 14 14 13 O
1745774146555235935 7 7 7 H
1745774146561520911 12 12 1 M
1745774146563669148 8 8 5 I
1745774146564789208 5 1 5 F
1745774146568110006 14 14 12 O
1745774146569455806 9 9 9 J
1745774146570547643 0 0 9 A
1745774146574980756 12 12 2 M
1745774146577199897 3 10 3 D
1745774146583629949 4 4 0 E
1745774146584717749 14 14 11 O
1745774146585835475 12 12 3 M
1745774146586947861 7 6 7 H
1745774146590162166 9 10 9 J
1745774146591235528 8 8 4 I
1745774146594481953 5 0 5 F
1745774146597721115 1 2 1 B
1745774146603114245 6 6 10 G
1745774146603152848 0 0 10 A
1745774146609577780 9 11 9 J
1745774146616011519 7 5 7 H
1745774146616051876 1 1 1 B
1745774146619299564 12 12 4 M
1745774146620404316 3 11 3 D
1745774146624591521 6 6 11 G
1745774146625679421 8 8 3 I
1745774146626916464 1 0 1 B
1745774146629131387 7 4 7 H
1745774146631312697 4 4 14 E
1745774146632405666 14 14 10 O
1745774146633498435 5 14 5 F
1745774146634605992 0 0 11 A
1745774146634622804 9 12 9 J
1745774146643030257 1 14 1 B
1745774146646259731 6 6 12 G
1745774146648393249 12 12 5 M
1745774146649495436 0 0 12 A
1745774146653747715 7 3 7 H
1745774146654836026 14 14 9 O
1745774146657034337 9 13 9 J
1745774146659234202 8 8 2 I
1745774146660362559 6 6 13 G
1745774146662572803 3 12 3 D
1745774146670055708 12 12 6 M
1745774146676414645 5 13 5 F
1745774146678636942 1 13 1 B
1745774146680826578 0 0 13 A
1745774146687279403 14 14 8 O
1745774146687294752 9 14 9 J
1745774146690473980 12 12 7 M
1745774146690534014 6 6 14 G
1745774146694765434 7 2 7 H
1745774146700121964 3 13 3 D
1745774146702305758 5 12 5 F
1745774146708626843 8 8 1 I
1745774146709717848 14 14 7 O
1745774146713074924 5 11 5 F
1745774146714226405 0 0 14 A
1745774146718532677 12 12 8 M
1745774146722883343 9 0 9 J
1745774146724029744 8 8 0 I
1745774146724068908 6 6 0 G
1745774146725221541 1 12 1 B
1745774146731655741 7 1 7 H
1745774146742113535 3 14 3 D
1745774146743329989 6 6 1 G
1745774146743354405 14 14 6 O
1745774146749711599 0 0 0 A
1745774146753924603 8 8 14 I
1745774146753963998 9 1 9 J
1745774146756199370 5 10 5 F
1745774146759540236 12 12 9 M
1745774146764910672 3 0 3 D
1745774146764951901 6 6 2 G
1745774146767117500 14 14 5 O
1745774146770413029 7 0 7 H
1745774146774632025 1 11 1 B
1745774146775819835 3 1 3 D
1745774146784457005 8 8 13 I
1745774146786629748 12 12 10 M
1745774146798228783 5 9 5 F
1745774146800425893 0 0 1 A
1745774146802603025 14 14 4 O
1745774146802644594 7 14 7 H
1745774146806762006 6 6 3 G
1745774146813208009 1 10 1 B
1745774146820681045 14 14 3 O
1745774146821778943 3 2 3 D
1745774146822866131 5 8 5 F
1745774146824013304 6 6 4 G
1745774146825132803 8 8 12 I
1745774146836491922 12 12 11 M
1745774146838657882 7 13 7 H
1745774146839728830 0 0 2 A
1745774146840808834 1 9 1 B
1745774146844038748 8 8 11 I
1745774146853397562 5 7 5 F
1745774146853418592 1 8 1 B
1745774146856635601 6 6 5 G
1745774146857724282 3 3 3 D
1745774146860989434 7 12 7 H
1745774146863129946 8 8 10 I
1745774146866442177 12 12 12 M
1745774146869650901 14 14 2 O
1745774146872892597 1 7 1 B
1745774146877291565 8 8 9 I
1745774146879479417 0 0 3 A
1745774146883628711 7 11 7 H
1745774146888066182 8 8 8 I
1745774146888103523 1 6 1 B
1745774146897312512 3 4 3 D
1745774146902767970 8 8 7 I
1745774146903886217 14 14 1 O
1745774146905007190 6 6 6 G
1745774146905030925 5 6 5 F
1745774146911458833 1 5 1 B
1745774146915734606 0 0 4 A
1745774146916954056 12 12 13 M
1745774146918096620 7 10 7 H
1745774146918235484 8 8 6 I
1745774146923586994 6 6 7 G
1745774146924675885 14 14 0 O
1745774146924716813 5 5 5 F
1745774146926882803 3 5 3 D
1745774146935083173 12 12 14 M
1745774146937333434 1 4 1 B
1745774146940602152 7 9 7 H
1745774146941792757 5 4 5 F
1745774146942907377 6 6 8 G
1745774146945100569 8 8 5 I
1745774146946339616 14 14 14 O
1745774146948493985 3 6 3 D
1745774146950645618 12 12 0 M
1745774146950687838 1 3 1 B
1745774146957146404 5 3 5 F
1745774146964759316 1 2 1 B
1745774146965902461 0 0 5 A
1745774146969232476 8 8 4 I
1745774146971505039 14 14 13 O
1745774146972595984 7 8 7 H
1745774146978921046 5 2 5 F
1745774146981166297 0 0 6 A
1745774146984449764 12 12 1 M
1745774146987676712 6 6 9 G
1745774146988763971 1 1 1 B
1745774146994967592 3 7 3 D
1745774146999230030 7 7 7 H
1745774147003425451 12 12 2 M
1745774147004531185 5 1 5 F
1745774147005644473 6 6 10 G
1745774147008818611 14 14 12 O
1745774147016532615 1 0 1 B
1745774147018705769 8 8 3 I
1745774147023912604 0 0 7 A
1745774147026150742 12 12 3 M
1745774147032395622 6 6 11 G
1745774147032434105 14 14 11 O
1745774147036663340 7 6 7 H
1745774147038903381 5 0 5 F
1745774147041105641 8 8 2 I
1745774147041121771 1 14 1 B
1745774147043292611 3 8 3 D
1745774147047625724 6 6 12 G
1745774147050838967 0 0 8 A
1745774147054082206 14 14 10 O
1745774147063359996 7 5 7 H
1745774147065674769 12 12 4 M
1745774147069975250 5 14 5 F
1745774147071098427 3 9 3 D
1745774147076468101 1 13 1 B
1745774147080714890 8 8 1 I
1745774147086077832 6 6 13 G
1745774147088361777 14 14 9 O
1745774147089490674 1 12 1 B
1745774147093678210 0 0 9 A
1745774147098009580 12 12 5 M
1745774147103442605 8 8 0 I
1745774147103580367 7 4 7 H
1745774147107720914 3 10 3 D
1745774147108806279 1 11 1 B
1745774147109910830 5 13 5 F
1745774147116198150 12 12 6 M
1745774147120543336 3 11 3 D
1745774147121729953 6 6 14 G
1745774147121776001 5 12 5 F
1745774147121794125 14 14 8 O
1745774147131237049 0 0 10 A
1745774147147325524 8 8 14 I
1745774147147366993 7 3 7 H
1745774147149603598 3 12 3 D
1745774147152843631 14 14 7 O
1745774147155081388 1 10 1 B
1745774147159300584 12 12 7 M
1745774147160405236 6 6 0 G
1745774147168466842 7 2 7 H
1745774147170637862 1 9 1 B
1745774147171824860 5 11 5 F
1745774147172971271 14 14 6 O
1745774147176208719 3 13 3 D
1745774147179556438 0 0 11 A
1745774147187954333 6 6 1 G
1745774147189100193 3 14 3 D
1745774147193393269 0 0 12 A
1745774147194485998 7 1 7 H
1745774147195607391 8 8 13 I
1745774147198815985 12 12 8 M
1745774147199932799 5 10 5 F
1745774147199971112 6 6 2 G
1745774147208372846 14 14 5 O
1745774147214740328 12 12 9 M
1745774147216912571 5 9 5 F
1745774147218024746 7 0 7 H
1745774147218040436 8 8 12 I
1745774147218055936 3 0 3 D
1745774147219165466 1 8 1 B
1745774147221306199 0 0 13 A
1745774147222504608 6 6 3 G
1745774147230717682 3 1 3 D
1745774147240320469 5 8 5 F
1745774147242515024 6 6 4 G
1745774147248768450 8 8 11 I
1745774147253099088 1 7 1 B
1745774147255300546 14 14 4 O
1745774147255341344 3 2 3 D
1745774147258497287 7 14 7 H
1745774147264830124 12 12 10 M
1745774147264938531 6 6 5 G
1745774147270131990 0 0 14 A
1745774147284782811 5 7 5 F
1745774147284824941 3 3 3 D
1745774147290085408 0 0 0 A
1745774147294308892 8 8 10 I
1745774147297558033 1 6 1 B
1745774147298704214 12 12 11 M
1745774147299794758 6 6 6 G
1745774147299838381 14 14 3 O
1745774147305634196 5 6 5 F
1745774147315014440 0 0 1 A
1745774147320449199 14 14 2 O
1745774147321558389 1 5 1 B
1745774147323711295 6 6 7 G
1745774147325926338 8 8 9 I
1745774147325952288 5 5 5 F
1745774147334338922 1 4 1 B
1745774147340521092 0 0 2 A
1745774147341636454 5 4 5 F
1745774147346933090 12 12 12 M
1745774147349128586 14 14 1 O
1745774147357563212 8 8 8 I
1745774147359739431 5 3 5 F
1745774147361930139 1 3 1 B
1745774147361967610 12 12 13 M
1745774147364146254 6 6 8 G
1745774147371855992 14 14 0 O
1745774147371908862 0 0 3 A
1745774147376108431 1 2 1 B
1745774147398994928 1 1 1 B
1745774147400131239 12 12 14 M
1745774147407948350 5 2 5 F
1745774147413815421 1 0 1 B
1745774147416021317 0 0 4 A
1745774147419225272 5 1 5 F
1745774147422590955 14 14 14 O
1745774147435080624 12 12 0 M
1745774147446036095 14 14 13 O
1745774147450405497 5 0 5 F
1745774147463314604 1 14 1 B
1745774147463359289 5 14 5 F
1745774147465518376 12 12 1 M
1745774147466635351 0 0 5 A
1745774147496236792 14 14 12 O
1745774147497351022 1 13 1 B
1745774147504059113 12 12 2 M
1745774147508271536 5 13 5 F
1745774147510599665 14 14 11 O
1745774147510622398 1 12 1 B
1745774147512732131 0 0 6 A
1745774147524438400 1 11 1 B
1745774147531651191 14 14 10 O
1745774147540114722 5 12 5 F
1745774147541229362 12 12 3 M
1745774147542322141 0 0 7 A
1745774147554982374 0 0 8 A
1745774147560204519 14 14 9 O
1745774147564426881 1 10 1 B
1745774147566595056 12 12 4 M
1745774147579189424 14 14 8 O
1745774147587372761 5 11 5 F
1745774147588502981 12 12 5 M
1745774147589617802 0 0 9 A
1745774147591759166 1 9 1 B
1745774147605662745 12 12 6 M
1745774147608919059 1 8 1 B
1745774147619730456 1 7 1 B
1745774147623062044 0 0 10 A
1745774147652238225 0 0 11 A
1745774147653353737 12 12 7 M
1745774147659858271 1 6 1 B
1745774147664166877 0 0 12 A
1745774147689239623 1 5 1 B
1745774147700001375 1 4 1 B
1745774147711598627 0 0 13 A
1745774147712684633 14 14 8 o
1745774147748425203 1 3 1 B
1745774147752624031 0 0 14 A
1745774147760913410 1 2 1 B
1745774147802849464 0 0 0 A
1745774147804019360 1 1 1 B
1745774147825358284 0 0 1 A
1745774147839658357 0 0 2 A
1745774147839694305 1 0 1 B
1745774147853019964 0 0 3 A
1745774147866371613 1 14 1 B
1745774147894577389 0 0 4 A
1745774147906740498 1 13 1 B
1745774147917928852 1 12 1 B
1745774147935585921 0 0 5 A
1745774147947200926 0 0 6 A
1745774147959099171 0 0 7 A
1745774147963456680 1 11 1 B
1745774147991779398 1 10 1 B
1745774148040791785 1 9 1 B
1745774148065440385 1 8 1 B
1745774148110019739 1 7 1 B
1745774148137235712 1 6 1 B
1745774148179909240 1 5 1 B
1745774148198162232 1 4 1 B
1745774148221940637 1 3 1 B
