-1 15 15 15
1745774152220877928 8 8 9 I
1745774152224096691 9 10 9 J
1745774152225848013 2 2 3 C
1745774152229702976 0 0 14 A
1745774152232912231 4 4 5 E
1745774152232925927 14 14 13 O
1745774152236209383 6 6 7 G
1745774152242696093 10 10 11 K
1745774152247317043 6 6 8 G
1745774152249761754 0 0 13 A
1745774152253010644 8 8 10 I
1745774152256604530 12 12 11 M
1745774152256647683 1 2 1 B
1745774152257864477 7 8 7 H
1745774152258977034 6 6 9 G
1745774152260063310 14 14 12 O
1745774152260076956 13 14 13 N
1745774152267586401 2 2 4 C
1745774152267628722 3 2 3 D
1745774152269939618 9 11 9 J
1745774152277465324 0 0 12 A
1745774152277509318 7 9 7 H
1745774152278587028 6 6 10 G
1745774152278603830 4 4 6 E
1745774152278625491 5 4 5 F
1745774152282151959 1 3 1 B
1745774152283874266 3 1 3 D
1745774152284001688 9 12 9 J
1745774152286482748 14 14 11 O
1745774152286527674 13 0 13 N
1745774152288780179 12 12 10 M
1745774152290941460 10 10 12 K
1745774152290991766 11 10 11 L
1745774152292188372 5 3 5 F
1745774152293289106 0 0 11 A
1745774152293329713 4 4 7 E
1745774152300742885 13 1 13 N
1745774152300772922 8 8 11 I
1745774152302944343 11 9 11 L
1745774152302970894 1 4 1 B
1745774152315595219 2 2 5 C
1745774152316708306 1 5 1 B
1745774152318857475 3 0 3 D
1745774152322195955 7 10 7 H
1745774152322223438 13 2 13 N
1745774152324457137 14 14 10 O
1745774152324589639 6 6 11 G
1745774152325549104 10 10 13 K
1745774152327693734 0 0 10 A
1745774152332136295 4 4 8 E
1745774152334311543 8 8 12 I
1745774152334325068 9 13 9 J
1745774152334329878 12 12 9 M
1745774152334334486 11 8 11 L
1745774152341618212 14 14 9 O
1745774152344989095 6 6 12 G
1745774152347232743 10 10 14 K
1745774152350477305 2 2 6 C
1745774152350501791 5 2 5 F
1745774152350515588 4 4 9 E
1745774152355907024 8 8 13 I
1745774152358149059 13 3 13 N
1745774152359211590 11 7 11 L
1745774152360308076 7 11 7 H
1745774152361437985 1 6 1 B
1745774152361477851 5 1 5 F
1745774152362762224 2 2 7 C
1745774152362787803 3 14 3 D
1745774152363890371 0 0 9 A
1745774152363927371 10 10 0 K
1745774152371421287 6 6 13 G
1745774152371459680 14 14 8 O
1745774152380827871 12 12 8 M
1745774152384124702 9 14 9 J
1745774152387346090 7 12 7 H
1745774152389539994 8 8 14 I
1745774152390631380 2 2 8 C
1745774152390646689 13 4 13 N
1745774152391757352 0 0 8 A
1745774152393947087 4 4 10 E
1745774152398157527 1 7 1 B
1745774152398245224 5 0 5 F
1745774152399272127 14 14 7 O
1745774152400355448 9 0 9 J
1745774152405716937 3 13 3 D
1745774152406832399 11 6 11 L
1745774152409012637 2 2 9 C
1745774152412299058 6 6 14 G
1745774152413434919 10 10 1 K
1745774152416619106 13 5 13 N
1745774152417723317 11 5 11 L
1745774152423230804 4 4 11 E
1745774152427573164 9 1 9 J
1745774152427609423 14 14 6 O
1745774152427786991 7 13 7 H
1745774152427795497 12 12 7 M
1745774152429726631 0 0 7 A
1745774152431937887 5 14 5 F
1745774152434176626 10 10 2 K
1745774152437426348 1 8 1 B
1745774152438583589 8 8 0 I
1745774152446928785 12 12 6 M
1745774152451229947 2 2 10 C
1745774152451267578 0 0 6 A
1745774152451287426 5 13 5 F
1745774152451300120 14 14 5 O
1745774152452450669 10 10 3 K
1745774152452489182 6 6 0 G
1745774152452498880 4 4 12 E
1745774152452502056 11 4 11 L
1745774152455691514 3 12 3 D
1745774152457900667 13 6 13 N
1745774152461188190 9 2 9 J
1745774152467566163 7 14 7 H
1745774152468656788 2 2 11 C
1745774152468699178 0 0 5 A
1745774152474478452 1 9 1 B
1745774152475588163 12 12 5 M
1745774152476674229 8 8 1 I
1745774152477793098 3 11 3 D
1745774152481036308 6 6 1 G
1745774152485227551 7 0 7 H
1745774152485251947 10 10 4 K
1745774152489496181 14 14 4 O
1745774152490588819 9 3 9 J
1745774152491668263 13 7 13 N
1745774152494901954 6 6 2 G
1745774152494920630 4 4 13 E
1745774152502431297 11 3 11 L
1745774152502456676 13 8 13 N
1745774152503546609 2 2 12 C
1745774152505721115 7 1 7 H
1745774152505764027 8 8 2 I
1745774152506859361 10 10 5 K
1745774152508005701 3 10 3 D
1745774152510200346 4 4 14 E
1745774152511299066 6 6 3 G
1745774152516650757 0 0 4 A
1745774152516673610 12 12 4 M
1745774152516684271 5 12 5 F
1745774152519922841 3 9 3 D
1745774152521032312 4 4 0 E
1745774152521048903 9 4 9 J
1745774152522151902 11 2 11 L
1745774152523299555 1 10 1 B
1745774152524403856 10 10 6 K
1745774152528614385 14 14 3 O
1745774152529700441 0 0 3 A
1745774152530821053 5 11 5 F
1745774152535207387 6 6 4 G
1745774152537493296 9 5 9 J
1745774152541776804 13 9 13 N
1745774152542924597 12 12 3 M
1745774152544049147 5 10 5 F
1745774152548354407 2 2 13 C
1745774152548379534 8 8 3 I
1745774152551634036 10 10 7 K
1745774152552751121 4 4 1 E
1745774152552794513 7 2 7 H
1745774152553831195 1 11 1 B
1745774152559663350 14 14 2 O
1745774152560765827 8 8 4 I
1745774152560783380 3 8 3 D
1745774152560807757 0 0 2 A
1745774152563035034 6 6 5 G
1745774152563058809 5 9 5 F
1745774152564163681 11 1 11 L
1745774152570495486 4 4 2 E
1745774152570514211 13 10 13 N
1745774152573684743 10 10 8 K
1745774152574761501 14 14 1 O
1745774152577997527 9 6 9 J
1745774152589478347 12 12 2 M
1745774152589557327 10 10 9 K
1745774152590568911 7 3 7 H
1745774152590607735 2 2 14 C
1745774152591719370 3 7 3 D
1745774152592834732 9 7 9 J
1745774152599162229 1 12 1 B
1745774152603368590 3 6 3 D
1745774152603407344 11 0 11 L
1745774152604523788 6 6 6 G
1745774152605638999 8 8 5 I
1745774152611063548 4 4 3 E
1745774152616745217 6 6 7 G
1745774152617857112 11 14 11 L
1745774152618984096 13 11 13 N
1745774152622301767 14 14 0 O
1745774152627616387 1 13 1 B
1745774152627638239 12 12 1 M
1745774152627654389 2 2 0 C
1745774152628717221 10 10 10 K
1745774152631983384 7 4 7 H
1745774152634204259 8 8 6 I
1745774152634228986 5 8 5 F
1745774152636389256 9 8 9 J
1745774152649027037 3 5 3 D
1745774152651225128 14 14 14 O
1745774152651263221 1 14 1 B
1745774152652326724 9 9 9 J
1745774152653432036 13 12 13 N
1745774152654533211 11 13 11 L
1745774152656682149 5 7 5 F
1745774152657794435 6 6 8 G
1745774152660002074 10 10 11 K
1745774152661111936 4 4 4 E
1745774152667848541 11 12 11 L
1745774152670111415 7 5 7 H
1745774152673349415 13 13 13 N
1745774152674485446 2 2 1 C
1745774152675609394 12 12 0 M
1745774152677750898 8 8 7 I
1745774152679953809 9 10 9 J
1745774152681072687 6 6 9 G
1745774152681114296 11 11 11 L
1745774152687293882 10 10 12 K
1745774152688379477 13 14 13 N
1745774152691624149 4 4 5 E
1745774152692857656 3 4 3 D
1745774152696038947 6 6 10 G
1745774152697163226 1 0 1 B
1745774152697230494 8 8 8 I
1745774152700469456 5 6 5 F
1745774152703630429 12 12 14 M
1745774152704719601 7 6 7 H
1745774152707947491 13 0 13 N
1745774152707972058 14 14 13 O
1745774152709071589 4 4 6 E
1745774152717345228 11 10 11 L
1745774152718440602 9 11 9 J
1745774152718480889 6 6 11 G
1745774152723748790 2 2 2 C
1745774152725918608 12 12 13 M
1745774152725943575 4 4 7 E
1745774152725960417 1 1 1 B
1745774152727054709 8 8 9 I
1745774152727080678 3 3 3 D
1745774152730316624 10 10 13 K
1745774152733562659 5 5 5 F
1745774152737990522 1 2 1 B
1745774152738031550 6 6 12 G
1745774152741163378 8 8 10 I
1745774152742224817 9 12 9 J
1745774152743486848 12 12 12 M
1745774152745703975 7 7 7 H
1745774152746912975 2 2 3 C
1745774152755445416 12 12 11 M
1745774152756649036 13 1 13 N
1745774152757734050 14 14 12 O
1745774152758821429 4 4 8 E
1745774152765294162 11 9 11 L
1745774152767421288 1 3 1 B
1745774152768528194 5 4 5 F
1745774152768547962 12 12 10 M
1745774152769627215 10 10 14 K
1745774152776081192 8 8 11 I
1745774152778276518 2 2 4 C
1745774152778290505 3 2 3 D
1745774152779379657 4 4 9 E
1745774152781653843 6 6 13 G
1745774152786969485 7 8 7 H
1745774152788092792 5 3 5 F
1745774152789228993 9 13 9 J
1745774152790331971 14 14 11 O
1745774152796084424 1 4 1 B
1745774152799370054 13 2 13 N
1745774152799396385 3 1 3 D
1745774152800480817 10 10 0 K
1745774152802644834 8 8 12 I
1745774152802664001 11 8 11 L
1745774152807901784 2 2 5 C
1745774152811194117 14 14 10 O
1745774152812275665 9 14 9 J
1745774152815492314 12 12 9 M
1745774152817645901 7 9 7 H
1745774152818827028 10 10 1 K
1745774152821074303 8 8 13 I
1745774152822203280 6 6 14 G
1745774152824399448 13 3 13 N
1745774152828712763 2 2 6 C
1745774152828733803 5 2 5 F
1745774152834136040 8 8 14 I
1745774152836300096 3 0 3 D
1745774152838498328 6 6 0 G
1745774152839589484 10 10 2 K
1745774152843923539 5 1 5 F
1745774152845042547 1 5 1 B
1745774152849370420 3 14 3 D
1745774152849395929 11 7 11 L
1745774152850477296 9 0 9 J
1745774152850495240 14 14 9 O
1745774152853662134 7 10 7 H
1745774152855809619 2 2 7 C
1745774152858111959 12 12 8 M
1745774152859232541 13 4 13 N
1745774152864449616 6 6 1 G
1745774152867677716 14 14 8 O
1745774152869954638 5 0 5 F
1745774152869978403 10 10 3 K
1745774152874131053 3 13 3 D
1745774152880579069 5 14 5 F
1745774152891237905 7 11 7 H
1745774152892331165 2 2 8 C
1745774152893423312 9 1 9 J
1745774152893440896 10 10 4 K
1745774152894528465 3 12 3 D
1745774152895756401 6 6 2 G
1745774152895771720 1 6 1 B
1745774152897940525 12 12 7 M
1745774152899082197 11 6 11 L
1745774152905511688 9 2 9 J
1745774152906748260 13 5 13 N
1745774152906765353 14 14 7 O
1745774152913226834 3 11 3 D
1745774152915445134 5 13 5 F
1745774152916550838 1 7 1 B
1745774152917641473 12 12 6 M
1745774152920850026 14 14 6 O
1745774152920954415 6 6 3 G
1745774152924234174 10 10 5 K
1745774152932690410 5 12 5 F
1745774152935985899 9 3 9 J
1745774152936010165 2 2 9 C
1745774152936022218 1 8 1 B
1745774152940371642 7 12 7 H
1745774152941464692 11 5 11 L
1745774152944640302 14 14 5 O
1745774152945720207 3 10 3 D
1745774152948924743 13 6 13 N
1745774152959637642 7 13 7 H
1745774152961775198 2 2 10 C
1745774152962854431 3 9 3 D
1745774152963963982 14 14 4 O
1745774152965093210 6 6 4 G
1745774152969425551 10 10 6 K
1745774152971592804 13 7 13 N
1745774152974769708 1 9 1 B
1745774152975885200 6 6 5 G
1745774152978076107 14 14 3 O
1745774152982448555 5 11 5 F
1745774152982472741 12 12 5 M
1745774152984692013 11 4 11 L
1745774152985774131 2 2 11 C
1745774152990007595 14 14 2 O
1745774152990026912 6 6 6 G
1745774152993303875 3 8 3 D
1745774152997637960 12 12 4 M
1745774153000908391 1 10 1 B
1745774153004149046 5 10 5 F
1745774153006301691 10 10 7 K
1745774153008503509 7 14 7 H
1745774153014980681 14 14 1 O
1745774153016127833 13 8 13 N
1745774153021470958 10 10 8 K
1745774153021511034 12 12 3 M
1745774153024654343 3 7 3 D
1745774153024676425 1 11 1 B
1745774153025755228 2 2 12 C
1745774153027933672 11 3 11 L
1745774153034227043 13 9 13 N
1745774153038541962 14 14 0 O
1745774153040731948 11 2 11 L
1745774153045011178 3 6 3 D
1745774153047230039 5 9 5 F
1745774153049396330 7 0 7 H
1745774153049420306 1 12 1 B
1745774153056565378 10 10 9 K
1745774153056606075 2 2 13 C
1745774153056622366 13 10 13 N
1745774153069737315 12 12 2 M
1745774153071926158 11 1 11 L
1745774153073033405 7 1 7 H
1745774153077439186 5 8 5 F
1745774153084826419 1 13 1 B
1745774153084865753 7 2 7 H
1745774153085023213 9 3 9 j
1745774153088206499 5 7 5 F
1745774153090362851 3 5 3 D
1745774153090383229 13 11 13 N
1745774153091479465 12 12 1 M
1745774153094732393 11 0 11 L
1745774153099093128 10 10 10 K
1745774153102388968 2 2 14 C
1745774153107718697 7 3 7 H
1745774153110887795 3 4 3 D
1745774153115061314 12 12 0 M
1745774153117231543 13 12 13 N
1745774153119393235 5 6 5 F
1745774153128976465 10 10 11 K
1745774153130108569 1 14 1 B
1745774153130269555 3 3 3 D
1745774153133454664 11 14 11 L
1745774153136697623 7 4 7 H
1745774153137778499 5 5 5 F
1745774153137817504 12 12 14 M
1745774153145373437 2 2 0 C
1745774153145415096 13 13 13 N
1745774153149681653 10 10 12 K
1745774153149685380 12 12 13 M
1745774153150761086 11 13 11 L
1745774153167096421 2 2 1 C
1745774153170216376 1 0 1 B
1745774153171430356 7 5 7 H
1745774153176737932 3 2 3 D
1745774153177817205 13 14 13 N
1745774153180994389 12 12 12 M
1745774153186351490 5 4 5 F
1745774153190642693 11 12 11 L
1745774153191729260 10 10 13 K
1745774153197121327 13 0 13 N
1745774153204862684 3 1 3 D
1745774153207085933 2 2 2 C
1745774153207127973 1 1 1 B
1745774153218860972 2 2 3 C
1745774153222130672 7 6 7 H
1745774153225302616 10 10 14 K
1745774153225318236 3 0 3 D
1745774153225325099 5 3 5 F
1745774153227497622 1 2 1 B
1745774153228578208 11 11 11 L
1745774153228593837 12 12 11 M
1745774153241613925 5 2 5 F
1745774153242724488 13 1 13 N
1745774153250198335 2 2 4 C
1745774153255440478 1 3 1 B
1745774153258629144 3 14 3 D
1745774153261778445 10 10 0 K
1745774153264899893 5 1 5 F
1745774153267109376 12 12 10 M
1745774153268217905 7 7 7 H
1745774153270395257 13 2 13 N
1745774153276640266 11 10 11 L
1745774153285425358 10 10 1 K
1745774153288670301 5 0 5 F
1745774153297227790 2 2 5 C
1745774153302446087 12 12 9 M
1745774153305634071 1 4 1 B
1745774153306720147 7 8 7 H
1745774153307835870 3 13 3 D
1745774153309007659 5 14 5 F
1745774153313281018 13 3 13 N
1745774153317562222 7 9 7 H
1745774153322914995 11 9 11 L
1745774153328356305 10 10 2 K
1745774153329484512 1 5 1 B
1745774153330606466 12 12 8 M
1745774153341047368 2 2 6 C
1745774153341194548 5 13 5 F
1745774153342200541 12 12 7 M
1745774153344374978 13 4 13 N
1745774153352710254 3 12 3 D
1745774153355895604 7 10 7 H
1745774153360166759 11 8 11 L
1745774153364549816 1 6 1 B
1745774153368814088 10 10 3 K
1745774153375198283 12 12 6 M
1745774153376292845 2 2 7 C
1745774153376309096 11 7 11 L
1745774153376352799 7 11 7 H
1745774153380560364 3 11 3 D
1745774153385749715 13 5 13 N
1745774153391167361 5 12 5 F
1745774153395610433 1 7 1 B
1745774153400943869 2 2 8 C
1745774153402066835 10 10 4 K
1745774153402090260 3 10 3 D
1745774153403202876 13 6 13 N
1745774153412802969 7 12 7 H
1745774153419202162 1 8 1 B
1745774153420306022 13 7 13 N
1745774153421455248 3 9 3 D
1745774153424702325 11 6 11 L
1745774153425818057 5 11 5 F
1745774153425832675 12 12 5 M
1745774153442486445 3 8 3 D
1745774153443588462 11 5 11 L
1745774153444704274 1 9 1 B
1745774153445917151 2 2 9 C
1745774153448127556 13 8 13 N
1745774153449231116 12 12 4 M
1745774153450357468 10 10 5 K
1745774153462020425 7 13 7 H
1745774153464212054 12 12 3 M
1745774153464325640 10 10 6 K
1745774153464341951 5 10 5 F
1745774153465317917 3 7 3 D
1745774153467480812 11 4 11 L
1745774153469622696 1 10 1 B
1745774153484752418 2 2 10 C
1745774153485825910 10 10 7 K
1745774153485873070 3 6 3 D
1745774153490149605 13 9 13 N
1745774153493377676 1 11 1 B
1745774153495519330 7 14 7 H
1745774153497657888 11 3 11 L
1745774153506170652 13 10 13 N
1745774153507232522 5 9 5 F
1745774153508327295 7 0 7 H
1745774153510530927 12 12 2 M
1745774153511620910 11 2 11 L
1745774153517960490 13 11 13 N
1745774153520229436 10 10 8 K
1745774153522404434 1 12 1 B
1745774153526736464 5 8 5 F
1745774153528916271 3 5 3 D
1745774153541144002 10 10 9 K
1745774153553016487 7 1 7 H
1745774153557270719 3 4 3 D
1745774153558319845 11 1 11 L
1745774153558344813 2 2 11 C
1745774153560504261 1 13 1 B
1745774153560528236 12 12 1 M
1745774153562665241 13 12 13 N
1745774153571309064 3 3 3 D
1745774153573435510 13 13 13 N
1745774153577622104 5 7 5 F
1745774153584859652 13 14 13 N
1745774153587065718 2 2 12 C
1745774153589207472 10 10 10 K
1745774153591385496 12 12 0 M
1745774153592490888 3 2 3 D
1745774153595686027 7 2 7 H
1745774153596802200 11 0 11 L
1745774153603078770 13 0 13 N
1745774153605275208 3 1 3 D
1745774153609595817 1 14 1 B
1745774153610682174 7 3 7 H
1745774153623284798 5 6 5 F
1745774153624412583 7 4 7 H
1745774153625539697 10 10 11 K
1745774153626627947 11 14 11 L
1745774153627707451 12 12 14 M
1745774153633033953 2 2 13 C
1745774153635229260 13 1 13 N
1745774153644594535 1 0 1 B
1745774153647777550 3 0 3 D
1745774153651125749 10 10 12 K
1745774153659922784 12 12 13 M
1745774153661034739 1 1 1 B
1745774153665425081 7 5 7 H
1745774153672699259 5 5 5 F
1745774153674052543 11 13 11 L
1745774153675207290 10 10 13 K
1745774153675233189 3 14 3 D
1745774153680583757 2 2 14 C
1745774153680608254 13 2 13 N
1745774153682746872 1 2 1 B
1745774153683829873 7 6 7 H
1745774153687126233 11 12 11 L
1745774153696638398 12 12 12 M
1745774153697724444 3 13 3 D
1745774153699897598 11 11 11 L
1745774153702104907 1 3 1 B
1745774153705459909 10 10 14 K
1745774153714898685 13 3 13 N
1745774153716019457 5 4 5 F
1745774153717136522 11 10 11 L
1745774153723355422 10 10 0 K
1745774153730868344 12 12 11 M
1745774153730890225 2 2 0 C
1745774153733081865 7 7 7 H
1745774153736235183 1 4 1 B
1745774153737339855 11 9 11 L
1745774153740534672 3 12 3 D
1745774153744741565 13 4 13 N
1745774153745825497 5 3 5 F
1745774153746912224 7 8 7 H
1745774153756447443 1 5 1 B
1745774153759665444 5 2 5 F
1745774153764962210 12 12 10 M
1745774153767297954 7 9 7 H
1745774153767324594 10 10 1 K
1745774153768404148 11 8 11 L
1745774153773584372 3 11 3 D
1745774153778866972 2 2 1 C
1745774153782204450 12 12 9 M
1745774153785464562 13 5 13 N
1745774153791768073 5 1 5 F
1745774153799147922 7 10 7 H
1745774153802421209 1 6 1 B
1745774153806615157 11 7 11 L
1745774153809798543 2 2 2 C
1745774153809841705 3 10 3 D
1745774153814058136 10 10 2 K
1745774153822023108 12 12 8 M
1745774153825303488 5 0 5 F
1745774153825344316 13 6 13 N
1745774153834212275 11 6 11 L
1745774153835326475 7 11 7 H
1745774153838575626 13 7 13 N
1745774153844909825 3 9 3 D
1745774153846014536 1 7 1 B
1745774153851324087 2 2 3 C
1745774153855492747 12 12 7 M
1745774153862808824 10 10 3 K
1745774153863928494 5 14 5 F
1745774153863954273 13 8 13 N
1745774153875890630 11 5 11 L
1745774153882281577 12 12 6 M
1745774153882299601 7 12 7 H
1745774153888649992 1 8 1 B
1745774153891830873 2 2 4 C
1745774153893042347 3 8 3 D
1745774153894166295 10 10 4 K
1745774153898366686 5 13 5 F
1745774153902611561 12 12 5 M
1745774153904772602 11 4 11 L
1745774153908103428 13 9 13 N
1745774153909227146 1 9 1 B
1745774153912441761 3 7 3 D
1745774153921023215 11 3 11 L
1745774153921198068 7 13 7 H
1745774153925498669 12 12 4 M
1745774153925524077 10 10 5 K
1745774153927668076 2 2 5 C
1745774153928751557 5 12 5 F
1745774153931991039 13 10 13 N
1745774153934211183 7 14 7 H
1745774153942695342 13 11 13 N
1745774153942739236 11 2 11 L
1745774153944845562 2 2 6 C
1745774153949231105 3 6 3 D
1745774153950358941 12 12 3 M
1745774153953594906 5 11 5 F
1745774153955771627 2 2 7 C
1745774153955797146 13 12 13 N
1745774153956983553 1 10 1 B
1745774153958131306 11 1 11 L
1745774153966573886 13 13 13 N
1745774153974783634 3 5 3 D
1745774153974837556 10 10 6 K
1745774153984212861 2 2 8 C
1745774153984239241 7 0 7 H
1745774153988418461 11 0 11 L
1745774153990585454 12 12 2 M
1745774153993827551 1 11 1 B
1745774153994910762 10 10 7 K
1745774153997027508 5 10 5 F
1745774154002394688 3 4 3 D
1745774154014165770 13 14 13 N
1745774154021672861 7 1 7 H
1745774154023815297 10 10 8 K
1745774154024942531 3 3 3 D
1745774154024966206 11 14 11 L
1745774154029299650 5 9 5 F
1745774154030430972 2 2 9 C
1745774154033674402 12 12 1 M
1745774154040127167 13 0 13 N
1745774154050684610 3 2 3 D
1745774154050700029 7 2 7 H
1745774154052842074 12 12 0 M
1745774154052862744 1 12 1 B
1745774154060471578 2 2 10 C
1745774154063701953 11 13 11 L
1745774154064788710 5 8 5 F
1745774154071586722 13 1 13 N
1745774154071658008 1 13 1 B
1745774154073733396 10 10 9 K
1745774154074827768 3 1 3 D
1745774154075936717 5 7 5 F
1745774154078201475 2 2 11 C
1745774154081375473 12 12 14 M
1745774154089086492 10 10 10 K
1745774154094459613 7 3 7 H
1745774154096652204 11 12 11 L
1745774154100951963 3 0 3 D
1745774154103229987 12 12 13 M
1745774154111436658 2 2 12 C
1745774154118150260 5 6 5 F
1745774154118219241 13 2 13 N
1745774154119292322 12 12 12 M
1745774154119331557 1 14 1 B
1745774154124597364 11 11 11 L
1745774154124634555 10 10 11 K
1745774154127022758 7 4 7 H
1745774154127047906 3 14 3 D
1745774154133456066 12 12 11 M
1745774154133500661 5 5 5 F
1745774154138758683 10 10 12 K
1745774154138783871 11 10 11 L
1745774154142116320 7 5 7 H
1745774154143219308 13 3 13 N
1745774154151403658 11 9 11 L
1745774154151441360 1 0 1 B
1745774154158946497 10 10 13 K
1745774154158972827 2 2 13 C
1745774154166586891 13 4 13 N
1745774154166609995 7 6 7 H
1745774154170764849 12 12 10 M
1745774154175106698 3 13 3 D
1745774154179502050 5 4 5 F
1745774154181663602 10 10 14 K
1745774154186831022 12 12 9 M
1745774154186855929 2 2 14 C
1745774154191149236 11 8 11 L
1745774154193302242 13 5 13 N
1745774154193413063 7 7 7 H
1745774154196654078 5 3 5 F
1745774154199827404 1 1 1 B
1745774154204161429 12 12 8 M
1745774154210298223 3 12 3 D
1745774154213535732 11 7 11 L
1745774154217726865 10 10 0 K
1745774154217750359 5 2 5 F
1745774154223074157 12 12 7 M
1745774154232866474 13 6 13 N
1745774154235071399 10 10 1 K
1745774154236198503 1 2 1 B
1745774154236201338 2 2 0 C
1745774154242933946 7 8 7 H
1745774154243096876 3 11 3 D
1745774154248387139 5 1 5 F
1745774154254827541 11 6 11 L
1745774154264226500 5 0 5 F
1745774154272799739 12 12 6 M
1745774154278221673 1 3 1 B
1745774154278245589 2 2 1 C
1745774154279473014 13 7 13 N
1745774154284795449 10 10 2 K
1745774154290101332 7 9 7 H
1745774154295446961 13 8 13 N
1745774154297597281 2 2 2 C
1745774154298677236 11 5 11 L
1745774154304000843 7 10 7 H
1745774154306297592 13 9 13 N
1745774154307421620 1 4 1 B
1745774154307484480 5 14 5 F
1745774154311778729 11 4 11 L
1745774154323365200 12 12 5 M
1745774154330589813 2 2 3 C
1745774154333906533 7 11 7 H
1745774154339354887 11 3 11 L
1745774154343563904 12 12 4 M
1745774154347759635 5 13 5 F
1745774154347780926 13 10 13 N
1745774154348862433 1 5 1 B
1745774154349981812 11 2 11 L
1745774154350006860 2 2 4 C
1745774154353209222 7 12 7 H
1745774154372155754 12 12 3 M
1745774154379499073 13 11 13 N
1745774154379546563 7 13 7 H
1745774154391459926 2 2 5 C
1745774154392560640 11 1 11 L
1745774154393681773 1 6 1 B
1745774154395819970 13 12 13 N
1745774154396968485 5 12 5 F
1745774154402374960 12 12 2 M
1745774154412198838 13 13 13 N
1745774154415393816 2 2 6 C
1745774154426020170 7 14 7 H
1745774154430231571 2 2 7 C
1745774154433506732 1 7 1 B
1745774154433618825 5 11 5 F
1745774154438760156 11 0 11 L
1745774154438784191 13 14 13 N
1745774154442152749 12 12 1 M
1745774154442200741 7 0 7 H
1745774154444303270 5 10 5 F
1745774154445434843 2 2 8 C
1745774154449713723 11 14 11 L
1745774154467198163 1 8 1 B
1745774154468379621 11 13 11 L
1745774154469513578 13 0 13 N
1745774154475304243 2 2 9 C
1745774154478449867 12 12 0 M
1745774154479562955 5 9 5 F
1745774154487992069 7 1 7 H
1745774154493304645 1 9 1 B
1745774154494433382 5 8 5 F
1745774154498763339 11 12 11 L
1745774154504051569 13 1 13 N
1745774154508374873 1 10 1 B
1745774154513787660 7 2 7 H
1745774154517106073 5 7 5 F
1745774154518231193 2 2 10 C
1745774154520404407 13 2 13 N
1745774154525613937 7 3 7 H
1745774154530889232 5 6 5 F
1745774154537276894 13 3 13 N
1745774154547955077 2 2 11 C
1745774154549162744 7 4 7 H
1745774154549204764 11 11 11 L
1745774154550312291 1 11 1 B
1745774154559478368 11 10 11 L
1745774154560587347 13 4 13 N
1745774154562732848 5 5 5 F
1745774154569024737 7 5 7 H
1745774154575330984 5 4 5 F
1745774154577505230 1 12 1 B
1745774154585790611 7 6 7 H
1745774154590087295 2 2 12 C
1745774154604665437 13 5 13 N
1745774154607985182 11 9 11 L
1745774154615691451 1 13 1 B
1745774154622630211 13 6 13 N
1745774154623763046 5 3 5 F
1745774154630109779 7 7 7 H
1745774154634392767 2 2 13 C
1745774154641751525 5 2 5 F
1745774154641773657 1 14 1 B
1745774154651149714 11 8 11 L
1745774154660378319 13 7 13 N
1745774154670815363 11 7 11 L
1745774154678222604 7 8 7 H
1745774154680442868 1 0 1 B
1745774154684645974 2 2 14 C
1745774154690980213 5 1 5 F
1745774154701230853 11 6 11 L
1745774154705530212 2 2 0 C
1745774154707704608 7 9 7 H
1745774154710938269 13 8 13 N
1745774154716773580 11 5 11 L
1745774154717950398 1 1 1 B
1745774154723157254 5 0 5 F
1745774154726499862 7 10 7 H
1745774154727590517 2 2 1 C
1745774154746559211 13 9 13 N
1745774154749759018 2 2 2 C
1745774154749782252 1 2 1 B
1745774154761148735 11 4 11 L
1745774154764304298 7 11 7 H
1745774154768918155 1 3 1 B
1745774154768968140 13 10 13 N
1745774154770060959 5 14 5 F
1745774154779413911 7 12 7 H
1745774154788845653 13 11 13 N
1745774154789927951 1 4 1 B
1745774154792147664 11 3 11 L
1745774154798463268 2 2 3 C
1745774154802714676 1 5 1 B
1745774154803803827 7 13 7 H
1745774154803843723 5 13 5 F
1745774154819667976 2 2 4 C
1745774154820758089 7 14 7 H
1745774154823967054 1 6 1 B
1745774154826211764 5 12 5 F
1745774154831673955 13 12 13 N
1745774154831697389 2 2 5 C
1745774154837839714 5 11 5 F
1745774154841077603 11 2 11 L
1745774154849218269 5 10 5 F
1745774154849263065 2 2 6 C
1745774154860527172 1 7 1 B
1745774154861631543 7 0 7 H
1745774154866982863 2 2 7 C
1745774154870306295 13 13 13 N
1745774154876058157 5 9 5 F
1745774154881360624 1 8 1 B
1745774154885554882 11 1 11 L
1745774154885580351 2 2 8 C
1745774154891302897 5 8 5 F
1745774154891326822 7 1 7 H
1745774154898574640 1 9 1 B
1745774154904886146 5 7 5 F
1745774154913127694 13 14 13 N
1745774154920627180 2 2 9 C
1745774154924003833 7 2 7 H
1745774154925128112 11 0 11 L
1745774154928373235 1 10 1 B
1745774154934706994 5 6 5 F
1745774154937919686 13 0 13 N
1745774154954466112 11 14 11 L
1745774154958675459 1 11 1 B
1745774154960853152 5 5 5 F
1745774154967192391 7 3 7 H
1745774154984137757 13 1 13 N
1745774154996919892 11 13 11 L
1745774155005618730 5 4 5 F
1745774155007782917 1 12 1 B
1745774155011066894 7 4 7 H
1745774155020384218 11 12 11 L
1745774155021487777 13 2 13 N
1745774155033437870 13 3 13 N
1745774155034552761 7 5 7 H
1745774155040983774 11 11 11 L
1745774155047224596 1 13 1 B
1745774155049399223 5 3 5 F
1745774155067042395 11 10 11 L
1745774155080398402 13 4 13 N
1745774155083605303 5 2 5 F
1745774155092920904 1 14 1 B
1745774155097126344 5 1 5 F
1745774155098230564 11 9 11 L
1745774155116213463 5 0 5 F
1745774155122575385 13 5 13 N
1745774155143658663 1 0 1 B
1745774155144901367 11 8 11 L
1745774155155464962 5 14 5 F
1745774155159662357 1 1 1 B
1745774155162903602 13 6 13 N
1745774155168633883 5 13 5 F
1745774155188223879 11 7 11 L
1745774155189423571 5 12 5 F
1745774155195711873 13 7 13 N
1745774155202204915 1 2 1 B
1745774155206492922 11 6 11 L
1745774155220284798 1 3 1 B
1745774155228657135 5 11 5 F
1745774155234858862 11 5 11 L
1745774155251951798 11 4 11 L
1745774155268014925 1 4 1 B
1745774155268057696 5 10 5 F
1745774155288342935 11 3 11 L
1745774155314061168 1 5 1 B
1745774155361499911 1 6 1 B
1745774155382873500 1 7 1 B
1745774155424450401 1 8 1 B
