0.000283529  3  3  0  R
0.045040899  3  3  1  R
0.103122583  3  3  2  R
0.145847215  3  3  3  R
0.145850761  3  3  0  R
0.167888938  3  3  1  R
0.179124208  3  3  2  R
0.194736024  3  3  3  R
0.194740553  3  3  0  R
0.219710208  3  3  1  R
0.273826767  3  3  2  R
0.308362947  3  3  3  R
0.308366965  3  3  0  R
0.320198680  3  3  1  R
0.360414718  3  3  2  R
0.377863441  3  3  3  R
0.377869523  3  3  0  R
0.389802831  3  3  1  R
0.450098518  3  3  2  R
0.476549181  3  3  3  R
0.476555644  3  3  0  R
0.525730018  3  3  1  R
0.610463689  3  3  2  R
0.647307740  3  3  3  R
0.647312088  3  3  0  R
0.670706926  3  3  1  R
0.672930637  3  3  2  R
0.694316633  3  3  3  R
0.694320200  3  3  0  R
0.734198865  3  3  1  R
0.765407433  3  3  2  R
0.814149274  3  3  3  R
0.814151478  3  3  0  R
0.831187866  3  3  1  R
0.843496178  3  3  2  R
0.870468494  3  3  3  R
0.870472632  3  3  0  R
0.916498244  3  3  1  R
0.929760792  3  3  2  R
0.963798864  3  3  3  R
0.963802972  3  3  0  R
0.988725297  3  3  1  R
0.991916319  3  3  2  R
1.003438885  3  3  3  R
1.003442893  3  3  0  R
1.016111109  3  3  1  R
1.050267737  3  3  2  R
1.066540753  3  3  3  R
1.066545151  3  3  0  R
0.000247280  0  0  0  R
0.021700223  0  0  1  R
0.027067898  0  0  2  R
0.069800995  0  0  3  R
0.069805243  0  0  0  R
0.083143354  0  0  1  R
0.103139075  0  0  2  R
0.134351950  0  0  3  R
0.134354625  0  0  0  R
0.152477000  0  0  1  R
0.179097327  0  0  2  R
0.211401437  0  0  3  R
0.211407559  0  0  0  R
0.240224606  0  0  1  R
0.273831366  0  0  2  R
0.309598258  0  0  3  R
0.309602356  0  0  0  R
0.331728751  0  0  1  R
0.360423936  0  0  2  R
0.387628133  0  0  3  R
0.387629816  0  0  0  R
0.421110947  0  0  1  R
0.450109820  0  0  2  R
0.472013210  0  0  3  R
0.472017798  0  0  0  R
0.513797772  0  0  1  R
0.518988860  0  0  2  R
0.561019792  0  0  3  R
0.561024160  0  0  0  R
0.582558517  0  0  1  R
0.610473818  0  0  2  R
0.621638373  0  0  3  R
0.621642020  0  0  0  R
0.661291920  0  0  1  R
0.672926890  0  0  2  R
0.686939275  0  0  3  R
0.686944104  0  0  0  R
0.708924641  0  0  1  R
0.765402975  0  0  2  R
0.799659151  0  0  3  R
0.799661265  0  0  0  R
0.818257051  0  0  1  R
0.843487241  0  0  2  R
0.869298918  0  0  3  R
0.869305350  0  0  0  R
0.893136810  0  0  1  R
0.929745012  0  0  2  R
0.975965797  0  0  3  R
0.975973361  0  0  0  R
1.021282921  0  0  1  R
1.050270111  0  0  2  R
1.097024821  0  0  3  R
1.097025893  0  0  0  R
0.000337402  9  9  0  R
0.023916491  9  9  1  R
0.027071254  9  9  2  R
0.050413863  9  9  3  R
0.050419614  9  9  0  R
0.095618784  9  9  1  R
0.103162860  9  9  2  R
0.148017725  9  9  3  R
0.148018917  9  9  0  R
0.190572181  9  9  1  R
0.273821878  9  9  2  R
0.286173342  9  9  3  R
0.286178001  9  9  0  R
0.320189863  9  9  1  R
0.360412363  9  9  2  R
0.387630798  9  9  3  R
0.387632240  9  9  0  R
0.426342793  9  9  1  R
0.450111804  9  9  2  R
0.493466113  9  9  3  R
0.493472145  9  9  0  R
0.538940316  9  9  1  R
0.610465943  9  9  2  R
0.645182065  9  9  3  R
0.645184209  9  9  0  R
0.671836475  9  9  1  R
0.672932701  9  9  2  R
0.696549492  9  9  3  R
0.696553680  9  9  0  R
0.727989660  9  9  1  R
0.765405119  9  9  2  R
0.792109314  9  9  3  R
0.792111317  9  9  0  R
0.819411237  9  9  1  R
0.843489325  9  9  2  R
0.866489061  9  9  3  R
0.866490504  9  9  0  R
0.913289398  9  9  1  R
0.929756774  9  9  2  R
0.953801670  9  9  3  R
0.953805898  9  9  0  R
0.995127029  9  9  1  R
1.050254782  9  9  2  R
1.069737295  9  9  3  R
1.069741293  9  9  0  R
1.081413724  9  9  1  R
1.140865606  9  9  2  R
1.174078918  9  9  3  R
1.174082996  9  9  0  R
1.192859556  9  9  1  R
1.218105425  9  9  2  R
1.241629971  9  9  3  R
1.241634059  9  9  0  R
0.000435048  1  1  0  R
0.039634821  1  1  1  R
0.103119307  1  1  2  R
0.124720382  1  1  3  R
0.124724460  1  1  0  R
0.149136193  1  1  1  R
0.179093700  1  1  2  R
0.228730043  1  1  3  R
0.228734140  1  1  0  R
0.277003472  1  1  1  R
0.360409618  1  1  2  R
0.398514909  1  1  3  R
0.398519107  1  1  0  R
0.445778157  1  1  1  R
0.450116072  1  1  2  R
0.463626410  1  1  3  R
0.463632692  1  1  0  R
0.504089629  1  1  1  R
0.518985263  1  1  2  R
0.556888650  1  1  3  R
0.556892888  1  1  0  R
0.605257912  1  1  1  R
0.610479038  1  1  2  R
0.636883163  1  1  3  R
0.636888563  1  1  0  R
0.675107079  1  1  1  R
0.765387856  1  1  2  R
0.799603935  1  1  3  R
0.799608384  1  1  0  R
0.842364174  1  1  1  R
0.843498042  1  1  2  R
0.866486366  1  1  3  R
0.866488290  1  1  0  R
0.898371031  1  1  1  R
0.929747767  1  1  2  R
0.943447456  1  1  3  R
0.943453809  1  1  0  R
0.987606969  1  1  1  R
0.991913664  1  1  2  R
1.016125186  1  1  3  R
1.016129184  1  1  0  R
1.045071078  1  1  1  R
1.050274209  1  1  2  R
1.077098693  1  1  3  R
1.077100096  1  1  0  R
1.103485525  1  1  1  R
1.140872870  1  1  2  R
1.185314688  1  1  3  R
1.185318716  1  1  0  R
1.233849425  1  1  1  R
1.316555036  1  1  2  R
1.355783184  1  1  3  R
1.355784667  1  1  0  R
1.377548833  1  1  1  R
1.396887472  1  1  2  R
1.415644195  1  1  3  R
1.415647811  1  1  0  R
0.000281115  4  4  0  R
0.022799606  4  4  1  R
0.027069411  4  4  2  R
0.043960222  4  4  3  R
0.043964631  4  4  0  R
0.070935043  4  4  1  R
0.103136430  4  4  2  R
0.123588979  4  4  3  R
0.123593878  4  4  0  R
0.165781047  4  4  1  R
0.179122314  4  4  2  R
0.226490130  4  4  3  R
0.226496733  4  4  0  R
0.261623677  4  4  1  R
0.273835434  4  4  2  R
0.295807916  4  4  3  R
0.295814679  4  4  0  R
0.327491878  4  4  1  R
0.360421661  4  4  2  R
0.390998566  4  4  3  R
0.391002754  4  4  0  R
0.407422490  4  4  1  R
0.450105532  4  4  2  R
0.466794258  4  4  3  R
0.466798286  4  4  0  R
0.485195334  4  4  1  R
0.518980093  4  4  2  R
0.565179106  4  4  3  R
0.565180168  4  4  0  R
0.592708562  4  4  1  R
0.610475712  4  4  2  R
0.644114513  4  4  3  R
0.644118110  4  4  0  R
0.692156272  4  4  1  R
0.765400650  4  4  2  R
0.801902379  4  4  3  R
0.801906537  4  4  0  R
0.852266658  4  4  1  R
0.929740463  4  4  2  R
0.978150163  4  4  3  R
0.978154752  4  4  0  R
0.997292469  4  4  1  R
1.050257427  4  4  2  R
1.067107782  4  4  3  R
1.067110667  4  4  0  R
1.102357869  4  4  1  R
1.140868171  4  4  2  R
1.159309884  4  4  3  R
1.159315845  4  4  0  R
1.183238598  4  4  1  R
1.218100546  4  4  2  R
1.264073660  4  4  3  R
1.264081635  4  4  0  R
1.291841880  4  4  1  R
1.316559384  4  4  2  R
1.332734975  4  4  3  R
1.332741217  4  4  0  R
1.364138684  4  4  1  R
1.396882222  4  4  2  R
1.429150374  4  4  3  R
1.429156074  4  4  0  R
0.000288930  2  2  0  R
0.015463025  2  2  1  R
0.027056726  2  2  2  R
0.064605949  2  2  3  R
0.064611049  2  2  0  R
0.091427549  2  2  1  R
0.103141299  2  2  2  R
0.127911254  2  2  3  R
0.127915492  2  2  0  R
0.152439379  2  2  1  R
0.179095353  2  2  2  R
0.190591217  2  2  3  R
0.190597930  2  2  0  R
0.220834037  2  2  1  R
0.273829272  2  2  2  R
0.320254336  2  2  3  R
0.320255718  2  2  0  R
0.345117759  2  2  1  R
0.360428274  2  2  2  R
0.373624885  2  2  3  R
0.373630887  2  2  0  R
0.395279773  2  2  1  R
0.450100943  2  2  2  R
0.497761727  2  2  3  R
0.497768069  2  2  0  R
0.547235862  2  2  1  R
0.610469650  2  2  2  R
0.629042041  2  2  3  R
0.629046219  2  2  0  R
0.677239297  2  2  1  R
0.765390220  2  2  2  R
0.797422905  2  2  3  R
0.797424709  2  2  0  R
0.829043836  2  2  1  R
0.843494104  2  2  2  R
0.866477810  2  2  3  R
0.866484122  2  2  0  R
0.903494760  2  2  1  R
0.929750061  2  2  2  R
0.961613555  2  2  3  R
0.961617713  2  2  0  R
0.984415125  2  2  1  R
0.991910879  2  2  2  R
1.023470624  2  2  3  R
1.023474762  2  2  0  R
1.050272926  2  2  1  R
1.140860406  2  2  2  R
1.191738122  2  2  3  R
1.191740947  2  2  0  R
1.239336236  2  2  1  R
1.316557150  2  2  2  R
1.353599940  2  2  3  R
1.353604058  2  2  0  R
1.386329361  2  2  1  R
1.396891951  2  2  2  R
1.439866165  2  2  3  R
1.439868459  2  2  0  R
1.472734932  2  2  1  R
1.528428473  2  2  2  R
1.557279173  2  2  3  R
1.557283621  2  2  0  R
0.000170204  6  6  0  R
0.015495226  6  6  1  R
0.027058600  6  6  2  R
0.070943870  6  6  3  R
0.070946956  6  6  0  R
0.105370962  6  6  1  R
0.179091576  6  6  2  R
0.228735673  6  6  3  R
0.228736605  6  6  0  R
0.260470623  6  6  1  R
0.273833430  6  6  2  R
0.315025836  6  6  3  R
0.315029974  6  6  0  R
0.359295548  6  6  1  R
0.360430348  6  6  2  R
0.387621610  6  6  3  R
0.387626259  6  6  0  R
0.401897105  6  6  1  R
0.450103217  6  6  2  R
0.499922339  6  6  3  R
0.499923200  6  6  0  R
0.511609358  6  6  1  R
0.518987016  6  6  2  R
0.538989610  6  6  3  R
0.538994309  6  6  0  R
0.553583381  6  6  1  R
0.610471814  6  6  2  R
0.630161422  6  6  3  R
0.630163215  6  6  0  R
0.668482954  6  6  1  R
0.672928804  6  6  2  R
0.719323870  6  6  3  R
0.719325894  6  6  0  R
0.734321880  6  6  1  R
0.765409888  6  6  2  R
0.800806063  6  6  3  R
0.800810351  6  6  0  R
0.843468005  6  6  1  R
0.843511437  6  6  2  R
0.873620121  6  6  3  R
0.873624600  6  6  0  R
0.884538127  6  6  1  R
0.929742647  6  6  2  R
0.978156375  6  6  3  R
0.978157437  6  6  0  R
1.015007279  6  6  1  R
1.050265192  6  6  2  R
1.077093453  6  6  3  R
1.077097381  6  6  0  R
1.116683570  6  6  1  R
1.140876977  6  6  2  R
1.172998291  6  6  3  R
1.173002710  6  6  0  R
1.191729565  6  6  1  R
1.218102991  6  6  2  R
1.268295273  6  6  3  R
1.268296675  6  6  0  R
1.309361246  6  6  1  R
1.316561398  6  6  2  R
1.352452647  6  6  3  R
1.352456824  6  6  0  R
1.402062029  6  6  1  R
1.451067851  6  6  2  R
1.496681431  6  6  3  R
1.496683525  6  6  0  R
1.543666579  6  6  1  R
1.590223262  6  6  2  R
1.629574744  6  6  3  R
1.629575967  6  6  0  R
0.000170033  5  5  0  R
0.038488730  5  5  1  R
0.103097556  5  5  2  R
0.133226098  5  5  3  R
0.133229765  5  5  0  R
0.163603203  5  5  1  R
0.179099130  5  5  2  R
0.204945031  5  5  3  R
0.204951153  5  5  0  R
0.219705349  5  5  1  R
0.273824222  5  5  2  R
0.299135869  5  5  3  R
0.299137973  5  5  0  R
0.320214630  5  5  1  R
0.360417333  5  5  2  R
0.394211170  5  5  3  R
0.394215929  5  5  0  R
0.429576817  5  5  1  R
0.450113727  5  5  2  R
0.499916237  5  5  3  R
0.499920726  5  5  0  R
0.540047032  5  5  1  R
0.610467877  5  5  2  R
0.650497069  5  5  3  R
0.650501477  5  5  0  R
0.681433588  5  5  1  R
0.765392765  5  5  2  R
0.797417114  5  5  3  R
0.797421212  5  5  0  R
0.820511611  5  5  1  R
0.843491930  5  5  2  R
0.885642098  5  5  3  R
0.885643311  5  5  0  R
0.909971484  5  5  1  R
0.929752285  5  5  2  R
0.955950048  5  5  3  R
0.955954466  5  5  0  R
1.005666143  5  5  1  R
1.050260302  5  5  2  R
1.088643542  5  5  3  R
1.088647600  5  5  0  R
1.103490655  5  5  1  R
1.140874883  5  5  2  R
1.183219151  5  5  3  R
1.183222728  5  5  0  R
1.227411855  5  5  1  R
1.316550036  5  5  2  R
1.337971991  5  5  3  R
1.337976139  5  5  0  R
1.368328167  5  5  1  R
1.396884978  5  5  2  R
1.411443601  5  5  3  R
1.411447589  5  5  0  R
1.429202673  5  5  1  R
1.451070206  5  5  2  R
1.481049334  5  5  3  R
1.481053331  5  5  0  R
1.523185466  5  5  1  R
1.528432550  5  5  2  R
1.546867610  5  5  3  R
1.546871768  5  5  0  R
1.593414034  5  5  1  R
1.648956346  5  5  2  R
1.685833709  5  5  3  R
1.685837477  5  5  0  R
1.713230674  5  5  1  R
1.740609473  5  5  2  R
1.775369408  5  5  3  R
1.775371863  5  5  0  R
1.787730580  5  5  1  R
1.802275849  5  5  2  R
1.832730311  5  5  3  R
1.832734288  5  5  0  R
1.862595231  5  5  1  R
1.865801803  5  5  2  R
1.891391066  5  5  3  R
1.891392890  5  5  0  R
1.915751121  5  5  1  R
1.931497656  5  5  2  R
1.973180274  5  5  3  R
1.973181717  5  5  0  R
0.000248543  7  7  0  R
0.030228672  7  7  1  R
0.103094420  7  7  2  R
0.129029151  7  7  3  R
0.129033630  7  7  0  R
0.165738927  7  7  1  R
0.179100803  7  7  2  R
0.213584562  7  7  3  R
0.213588830  7  7  0  R
0.261629198  7  7  1  R
0.273837618  7  7  2  R
0.298028021  7  7  3  R
0.298032148  7  7  0  R
0.321271982  7  7  1  R
0.360419517  7  7  2  R
0.401859253  7  7  3  R
0.401860766  7  7  0  R
0.417620365  7  7  1  R
0.450107756  7  7  2  R
0.479858108  7  7  3  R
0.479862156  7  7  0  R
0.499935013  7  7  1  R
0.518982698  7  7  2  R
0.552429856  7  7  3  R
0.552434114  7  7  0  R
0.598096815  7  7  1  R
0.610477415  7  7  2  R
0.659151226  7  7  3  R
0.659153430  7  7  0  R
0.682633101  7  7  1  R
0.765395460  7  7  2  R
0.780821815  7  7  3  R
0.780827887  7  7  0  R
0.796271394  7  7  1  R
0.843482632  7  7  2  R
0.867631846  7  7  3  R
0.867636244  7  7  0  R
0.911112235  7  7  1  R
0.929754660  7  7  2  R
0.959427085  7  7  3  R
0.959433577  7  7  0  R
1.007876580  7  7  1  R
1.050262667  7  7  2  R
1.079249236  7  7  3  R
1.079251089  7  7  0  R
1.102362147  7  7  1  R
1.140870325  7  7  2  R
1.170792524  7  7  3  R
1.170799327  7  7  0  R
1.219173037  7  7  1  R
1.316547582  7  7  2  R
1.346137209  7  7  3  R
1.346140735  7  7  0  R
1.394645266  7  7  1  R
1.396893694  7  7  2  R
1.433463351  7  7  3  R
1.433467469  7  7  0  R
1.465248316  7  7  1  R
1.528425878  7  7  2  R
1.554983454  7  7  3  R
1.554991780  7  7  0  R
1.567500663  7  7  1  R
1.590225617  7  7  2  R
1.624321408  7  7  3  R
1.624325175  7  7  0  R
1.635788649  7  7  1  R
1.648961756  7  7  2  R
1.699132085  7  7  3  R
1.699133258  7  7  0  R
1.717380481  7  7  1  R
1.740612409  7  7  2  R
1.771100815  7  7  3  R
1.771106897  7  7  0  R
1.801166107  7  7  1  R
1.802279626  7  7  2  R
1.830584016  7  7  3  R
1.830591851  7  7  0  R
1.842966148  7  7  1  R
1.865799739  7  7  2  R
1.887196495  7  7  3  R
1.887202276  7  7  0  R
1.924280101  7  7  1  R
1.931499529  7  7  2  R
1.967041002  7  7  3  R
1.967047564  7  7  0  R
1.980707177  7  7  1  R
2.022250340  7  7  2  R
2.056219089  7  7  3  R
2.056220141  7  7  0  R
0.000192606  8  8  0  R
0.046126124  8  8  1  R
0.103134275  8  8  2  R
0.141645409  8  8  3  R
0.141649577  8  8  0  R
0.181253850  8  8  1  R
0.273819313  8  8  2  R
0.312822193  8  8  3  R
0.312826601  8  8  0  R
0.338932198  8  8  1  R
0.360426050  8  8  2  R
0.400730275  8  8  3  R
0.400735365  8  8  0  R
0.446881256  8  8  1  R
0.450117985  8  8  2  R
0.484075754  8  8  3  R
0.484079862  8  8  0  R
0.524528562  8  8  1  R
0.610461454  8  8  2  R
0.653734850  8  8  3  R
0.653739278  8  8  0  R
0.685832248  8  8  1  R
0.765397855  8  8  2  R
0.776568070  8  8  3  R
0.776573451  8  8  0  R
0.800699701  8  8  1  R
0.843484947  8  8  2  R
0.875325536  8  8  3  R
0.875332229  8  8  0  R
0.916493555  8  8  1  R
0.929758888  8  8  2  R
0.951638794  8  8  3  R
0.951642872  8  8  0  R
0.979247521  8  8  1  R
0.991907051  8  8  2  R
1.025650772  8  8  3  R
1.025651945  8  8  0  R
1.071919788  8  8  1  R
1.140863061  8  8  2  R
1.187501510  8  8  3  R
1.187505648  8  8  0  R
1.229647699  8  8  1  R
1.316552691  8  8  2  R
1.351355699  8  8  3  R
1.351359356  8  8  0  R
1.379710346  8  8  1  R
1.396889646  8  8  2  R
1.429247328  8  8  3  R
1.429251837  8  8  0  R
1.473882586  8  8  1  R
1.528430587  8  8  2  R
1.576004535  8  8  3  R
1.576006569  8  8  0  R
1.612611896  8  8  1  R
1.648959011  8  8  2  R
1.665140082  8  8  3  R
1.665147526  8  8  0  R
1.695985167  8  8  1  R
1.740606928  8  8  2  R
1.782537218  8  8  3  R
1.782537729  8  8  0  R
1.797957832  8  8  1  R
1.802277902  8  8  2  R
1.846180876  8  8  3  R
1.846181898  8  8  0  R
1.874982954  8  8  1  R
1.931495171  8  8  2  R
1.952700883  8  8  3  R
1.952705342  8  8  0  R
1.978452357  8  8  1  R
2.022246753  8  8  2  R
2.046999856  8  8  3  R
2.047004174  8  8  0  R
2.082446388  8  8  1  R
2.093645859  8  8  2  R
2.134339966  8  8  3  R
2.134341198  8  8  0  R
2.150553239  8  8  1  R
2.171062135  8  8  2  R
2.214443416  8  8  3  R
2.214445480  8  8  0  R
2.237890544  8  8  1  R
2.260446997  8  8  2  R
2.301183133  8  8  3  R
2.301185257  8  8  0  R
2.350496933  8  8  1  R
2.384889078  8  8  2  R
2.433538233  8  8  3  R
2.433539877  8  8  0  R
0.000300792  13  13  0  W
0.022846946  13  13  1  W
0.070950593  13  13  2  W
0.103083639  13  13  3  W
0.103090322  13  13  0  W
0.134347101  13  13  1  W
0.499928721  13  13  2  W
0.518970335  13  13  3  W
0.518975995  13  13  0  W
0.568398262  13  13  1  W
0.885650755  13  13  2  W
0.929727288  13  13  3  W
0.929736395  13  13  0  W
0.940861796  13  13  1  W
1.268303899  13  13  2  W
1.316536210  13  13  3  W
1.316543343  13  13  0  W
1.365214501  13  13  1  W
1.629618978  13  13  2  W
1.648928553  13  13  3  W
1.648951827  13  13  0  W
1.674664656  13  13  1  W
1.973295954  13  13  2  W
2.022232136  13  13  3  W
2.022241453  13  13  0  W
2.042730812  13  13  1  W
2.301195467  13  13  2  W
2.324713831  13  13  3  W
2.324723289  13  13  0  W
2.341112115  13  13  1  W
2.469375729  13  13  2  W
2.515733372  13  13  3  W
2.515742911  13  13  0  W
2.537569736  13  13  1  W
2.602266587  13  13  2  W
2.626714508  13  13  3  W
2.626724016  13  13  0  W
2.676448568  13  13  1  W
2.706843868  13  13  2  W
2.726234577  13  13  3  W
2.726239506  13  13  0  W
2.755778697  13  13  1  W
2.848365781  13  13  2  W
2.865880149  13  13  3  W
2.865886822  13  13  0  W
2.890674671  13  13  1  W
2.998854557  13  13  2  W
3.014045274  13  13  3  W
3.014054512  13  13  0  W
3.059858642  13  13  1  W
3.147613943  13  13  2  W
3.185768337  13  13  3  W
3.185777896  13  13  0  W
0.000168260  14  14  0  W
0.040705088  14  14  1  W
0.228741835  14  14  2  W
0.273805657  14  14  3  W
0.273814865  14  14  0  W
0.308354692  14  14  1  W
0.659165123  14  14  2  W
0.672918454  14  14  3  W
0.672924065  14  14  0  W
0.699735004  14  14  1  W
1.025659289  14  14  2  W
1.050244392  14  14  3  W
1.050251145  14  14  0  W
1.080345712  14  14  1  W
1.439878388  14  14  2  W
1.451054055  14  14  3  W
1.451063783  14  14  0  W
1.483152496  14  14  1  W
1.782541917  14  14  2  W
1.802266851  14  14  3  W
1.802271971  14  14  0  W
1.846187539  14  14  1  W
2.134348061  14  14  2  W
2.171050133  14  14  3  W
2.171057998  14  14  0  W
2.197171018  14  14  1  W
2.335902983  14  14  2  W
2.346301239  14  14  3  W
2.346306159  14  14  0  W
2.393109591  14  14  1  W
2.527946122  14  14  2  W
2.538717510  14  14  3  W
2.538724082  14  14  0  W
2.549891713  14  14  1  W
2.626730779  14  14  2  W
2.641041551  14  14  3  W
2.641049476  14  14  0  W
2.691771978  14  14  1  W
2.726244235  14  14  2  W
2.738412540  14  14  3  W
2.738418091  14  14  0  W
2.763990942  14  14  1  W
2.865892202  14  14  2  W
2.909190695  14  14  3  W
2.909199121  14  14  0  W
2.936708880  14  14  1  W
3.014061154  14  14  2  W
3.029260547  14  14  3  W
3.029270556  14  14  0  W
3.048611810  14  14  1  W
3.131383187  14  14  2  W
3.147597702  14  14  3  W
3.147607070  14  14  0  W
3.169016850  14  14  1  W
3.251676505  14  14  2  W
3.264050131  14  14  3  W
3.264059779  14  14  0  W
3.306006941  14  14  1  W
3.362001854  14  14  2  W
3.411189322  14  14  3  W
3.411197879  14  14  0  W
3.424552492  14  14  1  W
3.506107964  14  14  2  W
3.552547723  14  14  3  W
3.552557642  14  14  0  W
3.601531356  14  14  1  W
3.656097209  14  14  2  W
3.677479938  14  14  3  W
3.677486501  14  14  0  W
3.723897657  14  14  1  W
3.753636978  14  14  2  W
3.796127884  14  14  3  W
3.796137402  14  14  0  W
3.828018058  14  14  1  W
3.894905919  14  14  2  W
3.941275255  14  14  3  W
3.941284242  14  14  0  W
3.981559092  14  14  1  W
4.053113061  14  14  2  W
4.067209215  14  14  3  W
4.067215597  14  14  0  W
0.000325760  10  10  0  W
0.014812888  10  10  1  W
0.014846131  10  10  2  W
0.027050996  10  10  3  W
0.027054222  10  10  0  W
0.041786636  10  10  1  W
0.320262772  10  10  2  W
0.360399419  10  10  3  W
0.360405120  10  10  0  W
0.386352736  10  10  1  W
0.719335522  10  10  2  W
0.765372977  10  10  3  W
0.765383117  10  10  0  W
0.790987148  10  10  1  W
1.097199313  10  10  2  W
1.140846499  10  10  3  W
1.140855587  10  10  0  W
1.171867209  10  10  1  W
1.496706579  10  10  2  W
1.528415408  10  10  3  W
1.528421650  10  10  0  W
1.543656330  10  10  1  W
1.846191937  10  10  2  W
1.865789940  10  10  3  W
1.865795902  10  10  0  W
1.904279813  10  10  1  W
2.214454988  10  10  2  W
2.234648224  10  10  3  W
2.234657742  10  10  0  W
2.264627863  10  10  1  W
2.346310777  10  10  2  W
2.384879140  10  10  3  W
2.384885081  10  10  0  W
2.432432990  10  10  1  W
2.538729813  10  10  2  W
2.565166369  10  10  3  W
2.565175456  10  10  0  W
2.592828117  10  10  1  W
2.667244824  10  10  2  W
2.691729667  10  10  3  W
2.691735619  10  10  0  W
2.721086320  10  10  1  W
2.771564885  10  10  2  W
2.818163789  10  10  3  W
2.818169440  10  10  0  W
2.860605973  10  10  1  W
2.920427538  10  10  2  W
2.966461356  10  10  3  W
2.966467458  10  10  0  W
2.989670150  10  10  1  W
3.078481731  10  10  2  W
3.119171509  10  10  3  W
3.119177260  10  10  0  W
3.149782319  10  10  1  W
3.209449190  10  10  2  W
3.251659963  10  10  3  W
3.251669852  10  10  0  W
3.266194191  10  10  1  W
3.312314103  10  10  2  W
3.361985162  10  10  3  W
3.361994830  10  10  0  W
3.412352306  10  10  1  W
3.487673444  10  10  2  W
3.506091522  10  10  3  W
3.506101040  10  10  0  W
3.518319752  10  10  1  W
3.643919506  10  10  2  W
3.656086048  10  10  3  W
3.656091829  10  10  0  W
3.676327004  10  10  1  W
3.726076383  10  10  2  W
3.741231020  10  10  3  W
3.741236110  10  10  0  W
3.765795523  10  10  1  W
3.821540662  10  10  2  W
3.848414290  10  10  3  W
3.848420371  10  10  0  W
3.868593790  10  10  1  W
3.981522452  10  10  2  W
4.020909872  10  10  3  W
4.020916395  10  10  0  W
4.067359992  10  10  1  W
4.082738326  10  10  2  W
4.094224053  10  10  3  W
4.094232649  10  10  0  W
0.000241529  12  12  0  W
0.047203865  12  12  1  W
0.401867559  12  12  2  W
0.450087608  12  12  3  W
0.450094140  12  12  0  W
0.477703598  12  12  1  W
0.814160265  12  12  2  W
0.843473756  12  12  3  W
0.843478825  12  12  0  W
0.876429287  12  12  1  W
1.191744173  12  12  2  W
1.218086449  12  12  3  W
1.218096298  12  12  0  W
1.245828871  12  12  1  W
1.576016929  12  12  2  W
1.590210558  12  12  3  W
1.590219275  12  12  0  W
1.620112629  12  12  1  W
1.891400815  12  12  2  W
1.931485442  12  12  3  W
1.931491624  12  12  0  W
1.979578409  12  12  1  W
2.234664395  12  12  2  W
2.260432650  12  12  3  W
2.260442108  12  12  0  W
2.272059284  12  12  1  W
2.433602736  12  12  2  W
2.469359548  12  12  3  W
2.469368886  12  12  0  W
2.485544625  12  12  1  W
2.565180977  12  12  2  W
2.602250416  12  12  3  W
2.602260125  12  12  0  W
2.640991075  12  12  1  W
2.691740548  12  12  2  W
2.706828960  12  12  3  W
2.706837436  12  12  0  W
2.753603527  12  12  1  W
2.818174910  12  12  2  W
2.848350832  12  12  3  W
2.848359669  12  12  0  W
2.881090012  12  12  1  W
2.966473740  12  12  2  W
2.998841873  12  12  3  W
2.998848746  12  12  0  W
3.034355062  12  12  1  W
3.119182480  12  12  2  W
3.131345235  12  12  3  W
3.131377316  12  12  0  W
3.171328850  12  12  1  W
3.264066141  12  12  2  W
3.285502452  12  12  3  W
3.285511940  12  12  0  W
3.316497443  12  12  1  W
3.411203890  12  12  2  W
3.457045563  12  12  3  W
3.457055071  12  12  0  W
3.468202664  12  12  1  W
3.552564755  12  12  2  W
3.593782340  12  12  3  W
3.593792008  12  12  0  W
3.621735001  12  12  1  W
3.677492252  12  12  2  W
3.726064069  12  12  3  W
3.726070662  12  12  0  W
3.750439092  12  12  1  W
3.796147752  12  12  2  W
3.821525092  12  12  3  W
3.821534560  12  12  0  W
3.841224058  12  12  1  W
3.941290484  12  12  2  W
3.981506552  12  12  3  W
3.981516040  12  12  0  W
4.007729781  12  12  1  W
4.067259120  12  12  2  W
4.082726173  12  12  3  W
4.082732595  12  12  0  W
4.130835200  12  12  1  W
4.130841512  12  12  2  W
4.144327695  12  12  3  W
4.144333416  12  12  0  W
4.166874539  12  12  1  W
4.166880310  12  12  2  W
4.180063266  12  12  3  W
4.180072714  12  12  0  W
4.213800845  12  12  1  W
4.213805414  12  12  2  W
4.258474785  12  12  3  W
4.258484915  12  12  0  W
0.000329968  11  11  0  W
0.030206009  11  11  1  W
0.148025610  11  11  2  W
0.179082559  11  11  3  W
0.179088029  11  11  0  W
0.224055056  11  11  1  W
0.565186540  11  11  2  W
0.610452397  11  11  3  W
0.610458168  11  11  0  W
0.625868062  11  11  1  W
0.978163689  11  11  2  W
0.991895750  11  11  3  W
0.991902653  11  11  0  W
1.030885855  11  11  1  W
1.355792382  11  11  2  W
1.396872103  11  11  3  W
1.396878064  11  11  0  W
1.407252586  11  11  1  W
1.699139670  11  11  2  W
1.740593262  11  11  3  W
1.740602590  11  11  0  W
1.781437154  11  11  1  W
2.056265818  11  11  2  W
2.093636772  11  11  3  W
2.093642393  11  11  0  W
2.128127364  11  11  1  W
2.324729921  11  11  2  W
2.335891561  11  11  3  W
2.335897893  11  11  0  W
2.381705751  11  11  1  W
2.515749363  11  11  2  W
2.527929391  11  11  3  W
2.527939490  11  11  0  W
2.567307804  11  11  1  W
2.641058113  11  11  2  W
2.667233733  11  11  3  W
2.667239644  11  11  0  W
2.712918918  11  11  1  W
2.738423040  11  11  2  W
2.771549336  11  11  3  W
2.771558443  11  11  0  W
2.806982182  11  11  1  W
2.909205133  11  11  2  W
2.920411608  11  11  3  W
2.920421346  11  11  0  W
2.961286369  11  11  1  W
3.029277089  11  11  2  W
3.078465289  11  11  3  W
3.078475208  11  11  0  W
3.109968968  11  11  1  W
3.185930987  11  11  2  W
3.209432959  11  11  3  W
3.209442878  11  11  0  W
3.252867260  11  11  1  W
3.285518382  11  11  2  W
3.312303583  11  11  3  W
3.312309344  11  11  0  W
3.347795280  11  11  1  W
3.457061603  11  11  2  W
3.487657153  11  11  3  W
3.487666851  11  11  0  W
3.518280257  11  11  1  W
3.593798811  11  11  2  W
3.643902954  11  11  3  W
3.643912502  11  11  0  W
3.681719906  11  11  1  W
3.741240779  11  11  2  W
3.753626728  11  11  3  W
3.753632349  11  11  0  W
3.801299865  11  11  1  W
3.848426092  11  11  2  W
3.894890239  11  11  3  W
3.894899356  11  11  0  W
3.917087096  11  11  1  W
4.020922286  11  11  2  W
4.053098433  11  11  3  W
4.053107110  11  11  0  W
4.080544902  11  11  1  W
4.094352818  11  11  2  W
4.105558040  11  11  3  W
4.105567648  11  11  0  W
4.142098764  11  11  1  W
4.144338436  11  11  2  W
4.163699056  11  11  3  W
4.163708434  11  11  0  W
4.201197172  11  11  1  W
4.201203234  11  11  2  W
4.212710400  11  11  3  W
4.212720239  11  11  0  W
4.234026443  11  11  1  W
4.258613329  11  11  2  W
4.286021926  11  11  3  W
4.286031654  11  11  0  W
-1 15 15 4 LOCAL_SECTION;START;READING_ROOM;STOP;EXTRA_LABEL;