-1 35 15 15
0.000875 18 5 4 I
0.036559 18 6 4 I
0.080997 18 15 15 I
0.000871 16 14 14 G
0.017523 16 0 14 G
0.046786 16 14 14 G
0.073780 16 14 0 G
0.112871 16 0 0 G
0.135996 16 14 0 G
0.164409 16 14 1 G
0.193185 16 15 15 G
0.000877 20 8 10 K
0.039765 20 7 10 K
0.073735 20 7 11 K
0.106934 20 7 10 K
0.142728 20 7 9 K
0.175794 20 6 9 K
0.209597 20 7 9 K
0.253842 20 7 8 K
0.266514 20 7 9 K
0.287171 20 8 9 K
0.322194 20 8 10 K
0.341117 20 7 10 K
0.371151 20 6 10 K
0.400274 20 15 15 K
0.000867 14 12 5 E
0.026301 14 12 6 E
0.063553 14 11 6 E
0.095553 14 11 5 E
0.118586 14 12 5 E
0.147681 14 13 5 E
0.188201 14 14 5 E
0.220344 14 14 6 E
0.239982 14 0 6 E
0.262824 14 14 6 E
0.276515 14 13 6 E
0.298330 14 13 5 E
0.345605 14 13 6 E
0.365555 14 12 6 E
0.403591 14 12 7 E
0.443868 14 15 15 E
0.000882 24 11 6 O
0.043259 24 11 7 O
0.080918 24 12 7 O
0.107110 24 12 8 O
0.144127 24 12 9 O
0.174619 24 11 9 O
0.198514 24 11 10 O
0.222731 24 10 10 O
0.250365 24 10 11 O
0.285820 24 9 11 O
0.315282 24 9 10 O
0.341073 24 9 9 O
0.388938 24 9 10 O
0.400450 24 9 11 O
0.430347 24 9 10 O
0.461851 24 9 9 O
0.494914 24 9 10 O
0.523620 24 10 10 O
0.000880 22 9 13 M
0.019828 22 9 14 M
0.055900 22 9 13 M
0.085154 22 9 14 M
0.109249 22 9 13 M
0.155227 22 9 12 M
0.170083 22 10 12 M
0.210772 22 9 12 M
0.225141 22 8 12 M
0.266357 22 8 13 M
0.277672 22 8 12 M
0.324387 22 8 11 M
0.360656 22 8 12 M
0.393431 22 8 13 M
0.440626 22 7 13 M
0.466712 22 8 13 M
0.492266 22 8 14 M
0.538159 22 7 14 M
0.549882 22 8 14 M
0.562374 22 8 0 M
0.605103 22 8 14 M
0.650995 22 7 14 M
0.687441 22 6 14 M
0.711439 22 7 14 M
0.739176 22 7 13 M
0.754233 22 6 13 M
0.778037 22 6 12 M
0.808003 22 6 13 M
0.000876 19 8 11 J
0.041026 19 8 12 J
0.064776 19 8 13 J
0.086379 19 7 13 J
0.119773 19 8 13 J
0.163129 19 7 13 J
0.210926 19 7 14 J
0.254066 19 7 13 J
0.283436 19 8 13 J
0.314070 19 8 14 J
0.338623 19 7 14 J
0.379619 19 8 14 J
0.401275 19 9 14 J
0.433769 19 8 14 J
0.477212 19 9 14 J
0.513598 19 9 13 J
0.544325 19 10 13 J
0.562329 19 9 13 J
0.593152 19 8 13 J
0.632330 19 9 13 J
0.655642 19 8 13 J
0.699799 19 9 13 J
0.722429 19 8 13 J
0.763584 19 8 14 J
0.810385 19 8 0 J
0.835894 19 7 0 J
0.882798 19 7 1 J
0.614900 26 0 2 1
0.959658 26 15 15 1
0.000861 11 13 10 B
0.012290 11 14 10 B
0.039786 11 14 9 B
0.076299 11 0 9 B
0.110584 11 14 9 B
0.135922 11 14 8 B
0.147610 11 14 9 B
0.188048 11 0 9 B
0.210803 11 0 10 B
0.242508 11 1 10 B
0.288251 11 1 11 B
0.311619 11 1 12 B
0.346880 11 1 13 B
0.378338 11 1 12 B
0.398892 11 1 13 B
0.418087 11 1 12 B
0.461901 11 1 13 B
0.496019 11 1 12 B
0.520979 11 0 12 B
0.566060 11 14 12 B
0.597865 11 13 12 B
0.635666 11 14 12 B
0.648662 11 14 13 B
0.670512 11 13 13 B
0.708105 11 14 13 B
0.754126 11 0 13 B
0.785278 11 14 13 B
0.800362 11 13 13 B
0.824189 11 13 12 B
0.862729 11 12 12 B
0.900383 11 11 12 B
0.923610 11 11 11 B
0.967028 11 11 12 B
0.991855 11 11 11 B
1.021173 11 10 11 B
1.032286 11 10 12 B
1.059006 11 10 13 B
1.072019 11 10 14 B
1.097729 11 15 15 B
0.000869 15 5 6 F
0.027528 15 5 5 F
0.053451 15 5 4 F
0.089785 15 6 4 F
0.106836 15 5 4 F
0.132285 15 5 5 F
0.168795 15 4 5 F
0.191765 15 3 5 F
0.228546 15 3 4 F
0.258414 15 2 4 F
0.279045 15 2 5 F
0.329113 15 3 5 F
0.355836 15 3 4 F
0.371061 15 4 4 F
0.386387 15 4 5 F
0.434957 15 4 4 F
0.453161 15 4 3 F
0.472545 15 4 2 F
0.487314 15 4 3 F
0.513583 15 5 3 F
0.538174 15 6 3 F
0.581545 15 6 2 F
0.599057 15 7 2 F
0.629849 15 6 2 F
0.646194 15 6 1 F
0.676579 15 5 1 F
0.702413 15 6 1 F
0.743978 15 6 0 F
0.758547 15 7 0 F
0.795699 15 7 14 F
0.814929 15 8 14 F
0.826633 15 7 14 F
0.844220 15 7 13 F
0.890749 15 7 14 F
0.921346 15 8 14 F
0.936953 15 8 0 F
0.951597 15 8 1 F
0.962058 15 8 2 F
0.974110 15 8 1 F
1.016419 15 8 0 F
1.050944 15 9 0 F
1.092230 15 10 0 F
1.118014 15 15 15 F
0.000881 23 1 8 N
0.044399 23 1 7 N
0.075024 23 1 6 N
0.105579 23 0 6 N
0.138375 23 1 6 N
0.184612 23 1 7 N
0.207307 23 1 6 N
0.235222 23 2 6 N
0.247827 23 1 6 N
0.294878 23 1 5 N
0.336014 23 1 6 N
0.359326 23 0 6 N
0.387617 23 0 7 N
0.403563 23 1 7 N
0.447197 23 2 7 N
0.463178 23 2 8 N
0.479617 23 2 9 N
0.527136 23 2 8 N
0.575643 23 2 7 N
0.605117 23 2 6 N
0.654432 23 2 5 N
0.676415 23 1 5 N
0.704763 23 1 4 N
0.720063 23 0 4 N
0.737857 23 14 4 N
0.774726 23 0 4 N
0.808181 23 0 3 N
0.839624 23 0 4 N
0.876024 23 0 3 N
0.888293 23 1 3 N
0.930979 23 0 3 N
0.975499 23 14 3 N
1.006700 23 13 3 N
1.054614 23 13 2 N
1.097838 23 13 1 N
1.133620 23 14 1 N
1.168955 23 15 15 N
0.000863 12 6 14 C
0.016486 12 6 13 C
0.051096 12 5 13 C
0.069085 12 4 13 C
0.086477 12 3 13 C
0.100001 12 3 14 C
0.138449 12 3 0 C
0.186884 12 3 14 C
0.236353 12 3 0 C
0.262923 12 4 0 C
0.300568 12 4 14 C
0.325629 12 3 14 C
0.361875 12 4 14 C
0.373641 12 5 14 C
0.404681 12 5 13 C
0.447273 12 6 13 C
0.494838 12 6 12 C
0.541912 12 6 13 C
0.565937 12 6 12 C
0.587608 12 6 13 C
0.610186 12 6 12 C
0.624924 12 7 12 C
0.668181 12 7 13 C
0.701136 12 7 12 C
0.723661 12 8 12 C
0.734264 12 9 12 C
0.762326 12 9 13 C
0.801620 12 9 12 C
0.832327 12 10 12 C
0.868269 12 9 12 C
0.915109 12 9 13 C
0.928526 12 10 13 C
0.960801 12 10 14 C
0.971710 12 9 14 C
1.017738 12 10 14 C
1.047148 12 9 14 C
1.075447 12 9 13 C
1.110247 12 9 14 C
1.125620 12 10 14 C
1.198517 12 15 15 C
0.000873 17 10 6 H
0.018683 17 10 7 H
0.033039 17 10 8 H
0.070434 17 9 8 H
0.093114 17 9 7 H
0.114123 17 9 8 H
0.144032 17 9 7 H
0.160622 17 9 8 H
0.206158 17 10 8 H
0.237725 17 9 8 H
0.250492 17 10 8 H
0.273112 17 10 7 H
0.306839 17 10 6 H
0.337366 17 9 6 H
0.363048 17 9 7 H
0.390097 17 9 6 H
0.408044 17 10 6 H
0.428092 17 11 6 H
0.466775 17 10 6 H
0.489729 17 10 5 H
0.521074 17 11 5 H
0.539505 17 10 5 H
0.566076 17 9 5 H
0.606412 17 9 6 H
0.631018 17 9 7 H
0.676572 17 9 6 H
0.720051 17 9 5 H
0.732910 17 8 5 H
0.747566 17 7 5 H
0.764741 17 7 6 H
0.794581 17 8 6 H
0.833559 17 8 7 H
0.879371 17 8 8 H
0.928335 17 8 7 H
0.974031 17 8 8 H
0.984908 17 9 8 H
0.999695 17 8 8 H
1.042670 17 8 9 H
1.086998 17 8 10 H
1.118014 17 8 11 H
1.134888 17 8 12 H
1.159976 17 9 12 H
1.194861 17 10 12 H
1.218186 17 11 12 H
1.257611 17 12 12 H
1.301084 17 11 12 H
1.316978 17 11 13 H
1.359620 17 11 12 H
1.388023 17 11 11 H
1.411606 17 12 11 H
1.428038 17 12 10 H
1.454158 17 12 11 H
1.489317 17 13 11 H
1.515566 17 14 11 H
1.530856 17 13 11 H
1.561936 17 14 11 H
1.576453 17 14 12 H
1.624937 17 14 11 H
1.642120 17 15 15 H
0.000865 13 6 7 D
0.020960 13 7 7 D
0.031873 13 7 8 D
0.051063 13 8 8 D
0.093209 13 7 8 D
0.134675 13 7 7 D
0.146382 13 8 7 D
0.189229 13 8 6 D
0.204964 13 8 7 D
0.235174 13 8 8 D
0.264006 13 9 8 D
0.308162 13 10 8 D
0.353374 13 10 7 D
0.372338 13 10 6 D
0.401283 13 11 6 D
0.426776 13 12 6 D
0.448541 13 12 5 D
0.494847 13 12 6 D
0.522382 13 11 6 D
0.567105 13 12 6 D
0.607726 13 12 7 D
0.654447 13 12 6 D
0.694512 13 11 6 D
0.722444 13 11 5 D
0.759838 13 11 6 D
0.794450 13 11 5 D
0.824174 13 11 4 D
0.861570 13 10 4 D
0.897874 13 10 5 D
0.934560 13 11 5 D
0.957157 13 11 6 D
1.000827 13 11 7 D
1.036700 13 10 7 D
1.049623 13 10 8 D
1.099008 13 10 9 D
1.145178 13 9 9 D
1.169638 13 8 9 D
1.205516 13 9 9 D
1.236773 13 9 8 D
1.276142 13 8 8 D
1.302243 13 8 7 D
1.330855 13 8 8 D
1.371419 13 8 7 D
1.411644 13 8 8 D
1.446838 13 7 8 D
1.467087 13 8 8 D
1.509237 13 9 8 D
1.529669 13 10 8 D
1.571779 13 10 9 D
1.617970 13 10 8 D
1.635769 13 10 7 D
1.679599 13 9 7 D
1.714307 13 9 8 D
0.000858 10 9 8 A
0.045559 10 9 7 A
0.060276 10 10 7 A
0.098816 10 11 7 A
0.114033 10 10 7 A
0.148759 10 10 8 A
0.194228 10 10 9 A
0.236287 10 9 9 A
0.253944 10 10 9 A
0.278945 10 10 8 A
0.294857 10 11 8 A
0.322137 10 11 9 A
0.354653 10 11 8 A
0.390192 10 10 8 A
0.420451 10 10 9 A
0.433760 10 10 8 A
0.449859 10 11 8 A
0.499533 10 12 8 A
0.536855 10 11 8 A
0.582790 10 10 8 A
0.601591 10 11 8 A
0.643903 10 10 8 A
0.682414 10 9 8 A
0.731634 10 9 7 A
0.747522 10 10 7 A
0.782815 10 10 8 A
0.796927 10 10 9 A
0.816195 10 10 8 A
0.860234 10 10 9 A
0.873665 10 10 8 A
0.890849 10 10 9 A
0.938111 10 11 9 A
0.949171 10 11 10 A
0.964597 10 11 9 A
0.982606 10 12 9 A
0.994179 10 11 9 A
1.038029 10 12 9 A
1.077739 10 11 9 A
1.104677 10 12 9 A
1.128066 10 12 8 A
1.157586 10 12 9 A
1.190161 10 12 10 A
1.231100 10 12 9 A
1.260005 10 12 10 A
1.296539 10 11 10 A
1.345347 10 11 9 A
1.373738 10 11 8 A
1.416873 10 11 9 A
1.434579 10 11 10 A
1.470633 10 11 9 A
1.507880 10 11 8 A
1.549988 10 12 8 A
1.573015 10 13 8 A
1.598604 10 12 8 A
1.620535 10 11 8 A
1.666222 10 11 9 A
1.680897 10 12 9 A
1.718858 10 11 9 A
1.760620 10 11 8 A
1.807817 10 10 8 A
1.857280 10 11 8 A
1.877809 10 11 9 A
1.921623 10 11 10 A
1.953660 10 11 11 A
1.993845 10 12 11 A
2.026808 10 12 10 A
2.073806 10 11 10 A
2.094301 10 11 9 A
2.187617 29 1 14 4
2.193998 29 15 15 4
0.000879 21 1 13 L
0.040925 21 1 14 L
0.089803 21 0 14 L
0.132345 21 14 14 L
0.161808 21 13 14 L
0.203815 21 13 0 L
0.249016 21 13 1 L
0.287073 21 13 2 L
0.300612 21 12 2 L
0.338606 21 11 2 L
0.378294 21 11 3 L
0.426854 21 11 4 L
0.449688 21 12 4 L
0.490943 21 12 3 L
0.527185 21 11 3 L
0.554541 21 12 3 L
0.603879 21 12 2 L
0.642624 21 12 3 L
0.687553 21 12 4 L
0.723677 21 13 4 L
0.740501 21 13 3 L
0.778053 21 13 2 L
0.817411 21 14 2 L
0.834716 21 13 2 L
0.872508 21 13 3 L
0.896608 21 13 2 L
0.928504 21 14 2 L
0.959640 21 0 2 L
0.982567 21 14 2 L
1.029885 21 14 3 L
1.079021 21 13 3 L
1.125506 21 13 2 L
1.159921 21 13 1 L
1.202007 21 13 2 L
1.245576 21 13 3 L
1.264731 21 13 2 L
1.306668 21 13 3 L
1.337629 21 12 3 L
1.348824 21 12 4 L
1.368132 21 13 4 L
1.397562 21 13 5 L
1.422408 21 12 5 L
1.446896 21 13 5 L
1.484015 21 12 5 L
1.504490 21 13 5 L
1.526376 21 13 4 L
1.558501 21 12 4 L
1.582848 21 13 4 L
1.620651 21 12 4 L
1.634631 21 11 4 L
1.657187 21 10 4 L
1.680881 21 9 4 L
1.730882 21 9 5 L
1.746963 21 9 6 L
1.787919 21 9 7 L
1.834909 21 10 7 L
1.858548 21 10 6 L
1.899674 21 10 7 L
1.939809 21 9 7 L
1.986581 21 9 6 L
1.997320 21 9 7 L
2.012684 21 8 7 L
2.053041 21 8 6 L
2.083396 21 7 6 L
2.115246 21 6 6 L
2.136749 21 6 7 L
2.171832 21 6 8 L
2.217904 21 5 8 L
2.254042 21 5 7 L
2.275439 21 4 7 L
2.293361 21 3 7 L
2.330884 21 3 8 L
2.359398 21 2 8 L
2.401553 21 2 9 L
2.434132 21 1 9 L
0.189344 25 12 13 0
3.197249 25 15 15 0
3.798434 30 11 10 5
4.225500 30 15 15 5
3.433863 32 10 12 7
4.499976 32 15 15 7
0.979058 27 4 11 2
4.655343 27 15 15 2
4.647944 28 3 8 3
4.662707 28 15 15 3
1.658538 33 14 12 8
4.744070 33 15 15 8
4.634551 31 2 0 6
4.747511 31 15 15 6
0.844119 34 12 5 9
1.422413 34 0 0 9
1.558507 34 0 0 9
4.776950 34 15 15 9
0.000848 9 11 14 #
1.097726 9 11 14 b
1.198497 9 11 14 #
1.198505 9 11 14 c
1.298802 9 11 14 #
0.000802 0 5 2 #
0.000823 6 4 1 #
0.000816 5 0 11 #
1.642116 5 0 11 h
1.742593 5 0 11 #
0.000810 2 13 7 #
0.443865 2 13 7 e
0.544214 2 13 7 #
0.000809 1 7 4 #
0.080994 1 7 4 i
0.181133 1 7 4 #
0.000814 4 5 10 #
0.400264 4 5 10 k
0.500794 4 5 10 #
0.000845 7 0 1 #
0.193175 7 0 1 g
0.293682 7 0 1 #
0.959632 7 0 1 *
1.060167 7 0 1 #
1.168939 7 0 1 n
1.269339 7 0 1 #
0.000812 3 2 1 #
0.000846 8 10 1 #
1.118004 8 10 1 f
1.218111 8 10 1 #
