-1 25 15 15
0.000987 6 12 3 G
0.018761 6 13 3 G
0.059436 6 13 2 G
0.102886 6 14 2 G
0.137840 6 0 2 G
0.153025 6 0 1 G
0.165845 6 0 0 G
0.183981 6 0 14 G
0.231674 6 14 14 G
0.243735 6 0 14 G
0.284181 6 1 14 G
0.317953 6 2 14 G
0.000977 2 2 2 C
0.017583 2 2 3 C
0.058221 2 3 3 C
0.069067 2 2 3 C
0.118296 2 1 3 C
0.156293 2 1 4 C
0.187189 2 1 5 C
0.201386 2 1 4 C
0.247983 2 0 4 C
0.293354 2 0 3 C
0.313652 2 14 3 C
0.362754 2 13 3 C
0.412685 2 12 3 C
0.000981 4 2 12 E
0.044290 4 1 12 E
0.059442 4 1 11 E
0.085865 4 2 11 E
0.126926 4 2 10 E
0.174414 4 1 10 E
0.188337 4 2 10 E
0.221795 4 3 10 E
0.249056 4 3 9 E
0.287412 4 4 9 E
0.299171 4 4 10 E
0.321238 4 4 9 E
0.361646 4 3 9 E
0.376676 4 4 9 E
0.421497 4 4 8 E
0.000990 7 9 10 H
0.047696 7 9 11 H
0.090244 7 8 11 H
0.116138 7 8 12 H
0.151916 7 7 12 H
0.163741 7 8 12 H
0.180641 7 7 12 H
0.220680 7 7 11 H
0.250137 7 7 12 H
0.292072 7 7 11 H
0.331149 7 8 11 H
0.351187 7 7 11 H
0.375456 7 7 10 H
0.414959 7 7 9 H
0.438930 7 8 9 H
0.000985 5 5 2 F
0.036532 5 5 1 F
0.069058 5 5 2 F
0.092454 5 5 3 F
0.137854 5 5 4 F
0.156253 5 5 3 F
0.172187 5 5 4 F
0.212127 5 5 5 F
0.258572 5 6 5 F
0.309009 5 7 5 F
0.344682 5 7 6 F
0.378889 5 6 6 F
0.412675 5 6 7 F
0.457355 5 6 6 F
0.000972 0 7 6 A
0.044274 0 6 6 A
0.092445 0 6 7 A
0.125850 0 6 8 A
0.165793 0 6 7 A
0.206896 0 7 7 A
0.228305 0 7 8 A
0.267104 0 8 8 A
0.314674 0 8 7 A
0.329584 0 9 7 A
0.372195 0 9 6 A
0.402879 0 9 5 A
0.440035 0 10 5 A
0.461694 0 11 5 A
0.488904 0 10 5 A
0.537102 0 11 5 A
0.554251 0 11 4 A
0.601950 0 11 3 A
0.623724 0 11 2 A
0.674493 0 11 3 A
0.703752 0 11 2 A
0.740073 0 11 1 A
0.000998 11 2 7 L
0.045472 11 2 8 L
0.083656 11 2 9 L
0.105080 11 1 9 L
0.132307 11 1 10 L
0.153064 11 1 11 L
0.203654 11 2 11 L
0.249091 11 3 11 L
0.286265 11 4 11 L
0.300243 11 5 11 L
0.346887 11 5 10 L
0.387671 11 5 9 L
0.410405 11 5 8 L
0.444385 11 6 8 L
0.480172 11 5 8 L
0.505112 11 5 9 L
0.526006 11 5 10 L
0.569541 11 5 11 L
0.592296 11 4 11 L
0.603165 11 4 10 L
0.626022 11 5 10 L
0.661739 11 4 10 L
0.692948 11 5 10 L
0.715518 11 4 10 L
0.730279 11 5 10 L
0.744316 11 4 10 L
0.772316 11 4 11 L
0.790769 11 4 12 L
0.840531 11 4 13 L
0.890740 11 4 12 L
0.910956 11 4 13 L
0.961510 11 3 13 L
0.974215 11 2 13 L
1.024874 11 3 13 L
1.049468 11 3 14 L
1.080549 11 3 0 L
0.000992 8 3 8 I
0.012217 8 4 8 I
0.035378 8 4 9 I
0.059429 8 4 8 I
0.093554 8 3 8 I
0.113959 8 4 8 I
0.147346 8 4 9 I
0.174375 8 4 10 I
0.185050 8 4 9 I
0.216368 8 3 9 I
0.229454 8 2 9 I
0.243691 8 2 10 I
0.263903 8 2 11 I
0.302510 8 3 11 I
0.315797 8 3 10 I
0.359231 8 4 10 I
0.383184 8 4 11 I
0.421603 8 4 12 I
0.441149 8 4 13 I
0.471604 8 4 14 I
0.499758 8 3 14 I
0.527158 8 4 14 I
0.568438 8 4 0 I
0.609510 8 5 0 I
0.646117 8 6 0 I
0.682049 8 7 0 I
0.730263 8 7 14 I
0.771223 8 6 14 I
0.782086 8 7 14 I
0.802371 8 8 14 I
0.828769 8 7 14 I
0.852257 8 6 14 I
0.865008 8 5 14 I
0.889548 8 5 13 I
0.926021 8 5 12 I
0.942055 8 4 12 I
0.956206 8 3 12 I
0.982955 8 2 12 I
1.023748 8 1 12 I
1.061259 8 1 13 I
1.095582 8 0 13 I
1.128392 8 14 13 I
1.169258 8 14 14 I
1.188022 8 14 0 I
1.205029 8 14 1 I
1.250574 8 14 0 I
1.279669 8 14 14 I
1.293445 8 0 14 I
1.329451 8 14 14 I
1.371634 8 0 14 I
0.001000 12 9 12 M
0.015423 12 8 12 M
0.044243 12 9 12 M
0.069044 12 10 12 M
0.095674 12 10 11 M
0.135660 12 10 12 M
0.167976 12 10 13 M
0.202546 12 10 14 M
0.235207 12 11 14 M
0.275734 12 12 14 M
0.311186 12 12 13 M
0.328479 12 12 14 M
0.371104 12 11 14 M
0.411559 12 10 14 M
0.446644 12 9 14 M
0.480167 12 8 14 M
0.506367 12 9 14 M
0.522752 12 8 14 M
0.570716 12 9 14 M
0.618300 12 9 13 M
0.655123 12 9 14 M
0.689648 12 10 14 M
0.729174 12 10 0 M
0.775757 12 10 1 M
0.816162 12 9 1 M
0.854493 12 8 1 M
0.898971 12 8 2 M
0.923863 12 8 3 M
0.966824 12 9 3 M
0.982982 12 9 2 M
1.030317 12 9 3 M
1.050558 12 9 2 M
1.078437 12 9 1 M
1.090238 12 8 1 M
1.124199 12 8 0 M
1.143335 12 7 0 M
1.160597 12 7 14 M
1.211284 12 7 13 M
1.261342 12 6 13 M
1.274192 12 5 13 M
1.325056 12 5 12 M
1.362247 12 5 13 M
1.381190 12 6 13 M
1.422541 12 6 12 M
1.434121 12 7 12 M
1.476346 12 6 12 M
1.504724 12 6 11 M
1.525817 12 6 12 M
1.561295 12 5 12 M
1.587120 12 5 13 M
0.000975 1 5 9 B
0.017652 1 5 8 B
0.042050 1 5 7 B
0.072394 1 5 6 B
0.111460 1 6 6 B
0.150769 1 7 6 B
0.162512 1 6 6 B
0.185098 1 7 6 B
0.225959 1 7 5 B
0.244778 1 7 4 B
0.274583 1 6 4 B
0.286271 1 7 4 B
0.313599 1 7 3 B
0.354462 1 8 3 B
0.386516 1 9 3 B
0.413827 1 8 3 B
0.454117 1 8 2 B
0.481283 1 8 1 B
0.526054 1 7 1 B
0.547815 1 7 0 B
0.568382 1 8 0 B
0.606343 1 8 14 B
0.633877 1 8 0 B
0.682185 1 8 14 B
0.698192 1 9 14 B
0.744286 1 9 13 B
0.767975 1 8 13 B
0.786444 1 9 13 B
0.827682 1 9 14 B
0.838339 1 10 14 B
0.873754 1 10 0 B
0.888324 1 11 0 B
0.918367 1 12 0 B
0.939267 1 13 0 B
0.954055 1 13 14 B
0.987317 1 14 14 B
1.027055 1 13 14 B
1.068747 1 12 14 B
1.087133 1 13 14 B
1.122018 1 13 13 B
1.163909 1 13 14 B
1.189112 1 13 0 B
1.238671 1 13 1 B
1.266740 1 12 1 B
1.312184 1 13 1 B
1.346260 1 12 1 B
1.381184 1 13 1 B
1.397234 1 13 0 B
1.412959 1 14 0 B
1.460482 1 13 0 B
1.507896 1 12 0 B
1.522654 1 11 0 B
1.566587 1 12 0 B
1.615872 1 13 0 B
1.642282 1 14 0 B
1.660239 1 14 1 B
1.700061 1 14 2 B
1.718133 1 14 1 B
1.740991 1 0 1 B
1.754911 1 14 1 B
0.984238 19 11 12 4
1.571945 19 11 13 4
1.997502 19 15 15 4
1.013172 23 11 0 8
1.522661 23 11 14 8
2.144346 23 15 15 8
0.000996 10 5 12 K
0.038761 10 4 12 K
0.084741 10 4 11 K
0.123676 10 3 11 K
0.162505 10 4 11 K
0.185092 10 4 12 K
0.205810 10 4 13 K
0.217494 10 3 13 K
0.267097 10 3 12 K
0.298088 10 4 12 K
0.319057 10 5 12 K
0.336541 10 6 12 K
0.370032 10 5 12 K
0.387650 10 5 13 K
0.425789 10 5 12 K
0.456250 10 5 13 K
0.495298 10 6 13 K
0.544541 10 6 12 K
0.583586 10 5 12 K
0.614938 10 5 13 K
0.648421 10 6 13 K
0.664988 10 5 13 K
0.677727 10 5 14 K
0.726028 10 6 14 K
0.758374 10 6 0 K
0.790748 10 5 0 K
0.831934 10 4 0 K
0.869400 10 5 0 K
0.919495 10 5 14 K
0.942046 10 4 14 K
0.962587 10 4 0 K
0.980738 10 4 1 K
1.009903 10 3 1 K
1.045160 10 3 0 K
1.068759 10 4 0 K
1.080542 10 5 0 K
1.122040 10 6 0 K
1.135810 10 6 1 K
1.169265 10 6 0 K
1.216662 10 6 14 K
1.252767 10 5 14 K
1.269974 10 5 0 K
1.301824 10 5 14 K
1.328300 10 6 14 K
1.354805 10 5 14 K
1.399399 10 5 13 K
1.421390 10 5 12 K
1.444810 10 4 12 K
1.492202 10 5 12 K
1.538270 10 5 13 K
1.582722 10 4 13 K
1.602043 10 4 12 K
1.639068 10 3 12 K
1.652827 10 3 13 K
1.663555 10 4 13 K
1.702192 10 4 14 K
1.721383 10 4 0 K
1.749722 10 4 1 K
1.787128 10 5 1 K
1.837243 10 5 0 K
1.852935 10 6 0 K
1.895324 10 6 14 K
1.923672 10 6 13 K
1.971723 10 6 14 K
1.997498 10 6 13 K
2.042558 10 6 12 K
2.061169 10 6 13 K
2.077956 10 6 12 K
2.097430 10 6 13 K
2.122238 10 7 13 K
2.147561 10 8 13 K
2.186384 10 8 12 K
2.230655 10 7 12 K
2.250459 10 7 13 K
1.781909 24 5 11 9
2.348388 24 5 10 9
2.465068 24 5 9 9
2.539741 24 15 15 9
0.001003 14 5 3 O
0.027980 14 5 4 O
0.044228 14 5 5 O
0.083696 14 5 4 O
0.133409 14 4 4 O
0.150674 14 3 4 O
0.182814 14 4 4 O
0.229441 14 5 4 O
0.272222 14 5 3 O
0.292215 14 6 3 O
0.332226 14 5 3 O
0.361640 14 5 4 O
0.409260 14 6 4 O
0.434675 14 6 5 O
0.445531 14 7 5 O
0.457396 14 7 4 O
0.497534 14 6 4 O
0.542345 14 6 3 O
0.590128 14 6 4 O
0.631676 14 6 5 O
0.650669 14 7 5 O
0.673388 14 7 4 O
0.705943 14 6 4 O
0.733576 14 7 4 O
0.750834 14 7 5 O
0.764745 14 7 6 O
0.799141 14 8 6 O
0.835082 14 9 6 O
0.866109 14 8 6 O
0.905550 14 8 7 O
0.922752 14 7 7 O
0.972031 14 8 7 O
0.991793 14 8 8 O
1.031442 14 8 7 O
1.077359 14 8 8 O
1.107354 14 7 8 O
1.154174 14 8 8 O
1.174567 14 7 8 O
1.214545 14 7 7 O
1.259173 14 7 8 O
1.293496 14 7 9 O
1.308991 14 6 9 O
1.335862 14 5 9 O
1.351589 14 4 9 O
1.373814 14 5 9 O
1.403590 14 5 10 O
1.440480 14 4 10 O
1.475254 14 4 9 O
1.503617 14 4 10 O
1.525841 14 3 10 O
1.571944 14 3 11 O
1.616987 14 2 11 O
1.659145 14 3 11 O
1.690476 14 3 10 O
1.721375 14 3 9 O
1.742111 14 4 9 O
1.768656 14 4 10 O
1.811086 14 3 10 O
1.838345 14 3 9 O
1.849716 14 4 9 O
1.897543 14 3 9 O
1.923690 14 3 10 O
1.971743 14 3 11 O
2.019734 14 3 12 O
2.069630 14 3 13 O
2.099576 14 2 13 O
2.132613 14 2 12 O
2.156090 14 2 11 O
2.197812 14 3 11 O
2.232842 14 3 12 O
2.249241 14 4 12 O
2.263081 14 4 13 O
2.283657 14 4 12 O
2.331646 14 4 11 O
2.348384 14 5 11 O
2.365879 14 4 11 O
2.396080 14 4 10 O
2.419951 14 3 10 O
2.437865 14 4 10 O
2.465066 14 5 10 O
2.490218 14 6 10 O
2.509586 14 7 10 O
2.544977 14 7 9 O
1.047300 16 11 9 1
2.422276 16 11 8 1
2.437875 16 11 7 1
2.456651 16 11 6 1
2.579476 16 11 5 1
2.606212 16 11 4 1
2.621849 16 11 3 1
2.700920 16 15 15 1
0.000994 9 0 2 J
0.040980 9 0 1 J
0.089124 9 1 1 J
0.132320 9 2 1 J
0.181727 9 3 1 J
0.197847 9 2 1 J
0.216375 9 2 0 J
0.261733 9 2 1 J
0.312301 9 3 1 J
0.347974 9 3 0 J
0.389907 9 3 1 J
0.411553 9 4 1 J
0.450875 9 4 0 J
0.463856 9 3 0 J
0.479095 9 3 1 J
0.526062 9 3 2 J
0.557538 9 3 1 J
0.599784 9 3 0 J
0.649569 9 3 1 J
0.700421 9 3 2 J
0.730402 9 2 2 J
0.774563 9 2 3 J
0.818296 9 2 4 J
0.847030 9 1 4 J
0.868307 9 0 4 J
0.903303 9 14 4 J
0.937063 9 0 4 J
0.975315 9 0 5 J
0.997060 9 0 4 J
1.019515 9 14 4 J
1.037828 9 13 4 J
1.071962 9 12 4 J
1.084899 9 13 4 J
1.129536 9 13 3 J
1.150901 9 14 3 J
1.173466 9 14 2 J
1.199470 9 0 2 J
1.237545 9 0 1 J
1.286044 9 0 0 J
1.316420 9 14 0 J
1.351582 9 13 0 J
1.382261 9 12 0 J
1.420282 9 13 0 J
1.434115 9 13 1 J
1.479669 9 13 2 J
1.502477 9 12 2 J
1.528975 9 11 2 J
1.574134 9 11 3 J
1.607314 9 11 2 J
1.633792 9 12 2 J
1.677145 9 11 2 J
1.695775 9 11 3 J
1.711671 9 11 4 J
1.742117 9 11 5 J
1.777608 9 11 6 J
1.823449 9 12 6 J
1.852961 9 11 6 J
1.874749 9 12 6 J
1.905878 9 11 6 J
1.926949 9 12 6 J
1.950955 9 13 6 J
1.999673 9 12 6 J
2.047751 9 12 5 J
2.064437 9 12 6 J
2.089222 9 12 7 J
2.116028 9 11 7 J
2.160562 9 11 6 J
2.185250 9 10 6 J
2.224199 9 10 5 J
2.273333 9 10 6 J
2.316658 9 10 7 J
2.332782 9 10 8 J
2.373214 9 10 9 J
2.422268 9 11 9 J
2.437874 9 11 8 J
2.456649 9 11 7 J
2.469210 9 12 7 J
2.498388 9 12 6 J
2.509649 9 12 7 J
2.548138 9 12 6 J
2.579474 9 11 6 J
2.606210 9 11 5 J
2.621846 9 11 4 J
2.667595 9 12 4 J
2.701973 9 11 4 J
2.725665 9 11 3 J
2.740296 9 10 3 J
2.778598 9 11 3 J
0.000979 3 1 0 D
0.033194 3 0 0 D
0.053052 3 0 14 D
0.063861 3 0 0 D
0.107245 3 14 0 D
0.151877 3 14 14 D
0.190530 3 13 14 D
0.229449 3 13 0 D
0.272209 3 12 0 D
0.306851 3 11 0 D
0.343610 3 11 1 D
0.381048 3 11 2 D
0.400677 3 11 1 D
0.421444 3 11 0 D
0.433446 3 10 0 D
0.474884 3 10 1 D
0.499759 3 10 2 D
0.547855 3 10 1 D
0.570678 3 9 1 D
0.600854 3 9 0 D
0.615083 3 8 0 D
0.630630 3 7 0 D
0.654945 3 7 1 D
0.693993 3 6 1 D
0.736878 3 6 0 D
0.751968 3 5 0 D
0.771184 3 4 0 D
0.785337 3 4 14 D
0.813974 3 3 14 D
0.828802 3 3 0 D
0.865028 3 2 0 D
0.900045 3 3 0 D
0.943207 3 2 0 D
0.976414 3 1 0 D
1.020617 3 1 1 D
1.031422 3 1 2 D
1.061198 3 2 2 D
1.097744 3 3 2 D
1.139016 3 2 2 D
1.175677 3 2 3 D
1.214488 3 2 2 D
1.236401 3 2 3 D
1.277458 3 2 4 D
1.317527 3 3 4 D
1.359082 3 3 3 D
1.393983 3 3 2 D
1.422552 3 2 2 D
1.457246 3 2 3 D
1.504731 3 2 4 D
1.549891 3 2 3 D
1.596523 3 2 4 D
1.624205 3 3 4 D
1.673880 3 2 4 D
1.698988 3 2 3 D
1.747522 3 2 4 D
1.759135 3 2 5 D
1.799431 3 3 5 D
1.831922 3 4 5 D
1.859099 3 4 6 D
1.896441 3 3 6 D
1.944785 3 2 6 D
1.962432 3 1 6 D
1.998597 3 0 6 D
2.010216 3 1 6 D
2.028195 3 1 7 D
2.072808 3 1 6 D
2.123340 3 1 5 D
2.159374 3 2 5 D
2.176824 3 1 5 D
2.220027 3 2 5 D
2.258920 3 2 4 D
2.292905 3 2 3 D
2.336990 3 2 4 D
2.363687 3 3 4 D
2.379668 3 2 4 D
2.422128 3 3 4 D
2.433656 3 3 5 D
2.477558 3 2 5 D
2.511726 3 1 5 D
2.558758 3 1 6 D
2.573232 3 1 5 D
2.615516 3 1 4 D
2.629206 3 1 5 D
2.655098 3 1 4 D
2.684288 3 2 4 D
2.699748 3 3 4 D
2.749489 3 4 4 D
2.774384 3 3 4 D
2.811634 3 4 4 D
2.842365 3 4 3 D
2.859029 3 3 3 D
2.876674 3 2 3 D
2.887189 3 2 2 D
2.904795 3 3 2 D
0.001002 13 11 5 N
0.012303 13 11 4 N
0.060560 13 11 3 N
0.071294 13 12 3 N
0.121517 13 13 3 N
0.137871 13 14 3 N
0.163647 13 14 2 N
0.193671 13 13 2 N
0.236365 13 13 3 N
0.281910 13 12 3 N
0.298096 13 12 4 N
0.338150 13 12 5 N
0.379976 13 13 5 N
0.397436 13 13 6 N
0.417092 13 13 7 N
0.430032 13 13 8 N
0.465084 13 13 9 N
0.510648 13 13 10 N
0.531572 13 14 10 N
0.578166 13 13 10 N
0.628271 13 12 10 N
0.645044 13 12 11 N
0.658333 13 12 10 N
0.670125 13 13 10 N
0.712257 13 12 10 N
0.745443 13 13 10 N
0.782124 13 13 9 N
0.814004 13 13 10 N
0.856722 13 14 10 N
0.888332 13 14 9 N
0.929205 13 14 10 N
0.958380 13 14 11 N
0.987350 13 14 10 N
1.028172 13 0 10 N
1.055880 13 0 11 N
1.068905 13 14 11 N
1.114558 13 14 12 N
1.145540 13 13 12 N
1.163893 13 14 12 N
1.184849 13 13 12 N
1.203887 13 13 11 N
1.252748 13 12 11 N
1.297649 13 13 11 N
1.345187 13 14 11 N
1.389806 13 13 11 N
1.422534 13 13 10 N
1.465905 13 12 10 N
1.515316 13 12 11 N
1.561302 13 11 11 N
1.571942 13 11 12 N
1.583937 13 11 11 N
1.610591 13 11 12 N
1.629451 13 12 12 N
1.659152 13 13 12 N
1.695747 13 14 12 N
1.706513 13 13 12 N
1.747466 13 13 13 N
1.769978 13 14 13 N
1.801634 13 14 12 N
1.835100 13 13 12 N
1.846509 13 14 12 N
1.887146 13 14 13 N
1.919492 13 13 13 N
1.949871 13 13 12 N
1.962404 13 13 13 N
1.978042 13 13 12 N
2.012530 13 13 13 N
2.027098 13 14 13 N
2.062249 13 0 13 N
2.102716 13 14 13 N
2.140082 13 14 12 N
2.182149 13 0 12 N
2.229586 13 1 12 N
2.242951 13 2 12 N
2.253715 13 3 12 N
2.292895 13 3 13 N
2.321944 13 4 13 N
2.338060 13 4 14 N
2.376439 13 5 14 N
2.397172 13 5 0 N
2.424460 13 5 1 N
2.451504 13 6 1 N
2.469341 13 7 1 N
2.479723 13 7 0 N
2.529221 13 7 14 N
2.563985 13 6 14 N
2.579495 13 6 0 N
2.602987 13 6 14 N
2.614411 13 6 13 N
2.664338 13 6 12 N
2.705148 13 7 12 N
2.735982 13 8 12 N
2.753739 13 7 12 N
2.789948 13 7 11 N
2.801350 13 7 10 N
2.826054 13 8 10 N
2.849817 13 7 10 N
2.875563 13 8 10 N
2.896440 13 7 10 N
2.927028 13 8 10 N
2.957176 13 8 11 N
2.774400 17 3 3 2
2.859031 17 3 2 2
2.904805 17 3 1 2
3.142558 17 15 15 2
1.066540 20 9 10 5
3.871401 20 15 15 5
3.914031 22 5 9 7
4.332505 22 15 15 7
4.582015 21 7 8 6
4.741420 21 15 15 6
4.785147 18 3 12 3
4.893317 18 15 15 3
4.551892 15 12 0 0
4.903026 15 15 15 0
