0.000017 1 1 0 B
0.027549 1 1 1 B
0.028634 1 1 2 B
0.058206 1 1 3 B
0.059285 1 1 0 B
0.106885 1 1 1 B
0.124025 1 1 2 B
0.174038 1 1 3 B
0.175134 1 1 0 B
0.208679 1 1 1 B
0.209745 1 1 2 B
0.252871 1 1 3 B
0.253964 1 1 0 B
0.276262 1 1 1 B
0.307074 1 1 2 B
0.351797 1 1 3 B
0.352889 1 1 0 B
0.381690 1 1 1 B
0.382753 1 1 2 B
0.431219 1 1 3 B
0.432679 1 1 0 B
0.477662 1 1 1 B
0.478728 1 1 2 B
0.524817 1 1 3 B
0.525909 1 1 0 B
0.544740 1 1 1 B
0.545804 1 1 2 B
0.587723 1 1 3 B
0.588754 1 1 0 B
0.604587 1 1 1 B
0.625900 1 1 2 B
0.648990 1 1 3 B
0.650783 1 1 0 B
0.682051 1 1 1 B
0.683597 1 1 2 B
0.709802 1 1 3 B
0.710894 1 1 0 B
0.752886 1 1 1 B
0.754477 1 1 2 B
0.769562 1 1 3 B
0.770634 1 1 0 B
0.788328 1 1 1 B
0.804676 1 1 2 B
0.834259 1 1 3 B
0.835337 1 1 0 B
0.848594 1 1 1 B
0.878981 1 1 2 B
0.910207 1 1 3 B
0.911282 1 1 0 B
0.947933 1 1 1 B
0.949058 1 1 2 B
0.981663 1 1 3 B
0.982729 1 1 0 B
0.000013 0 0 0 A
0.038951 0 0 1 A
0.059285 0 0 2 A
0.073823 0 0 3 A
0.075777 0 0 0 A
0.092862 0 0 1 A
0.094560 0 0 2 A
0.122931 0 0 3 A
0.124025 0 0 0 A
0.166564 0 0 1 A
0.175134 0 0 2 A
0.197351 0 0 3 A
0.198429 0 0 0 A
0.249055 0 0 1 A
0.253964 0 0 2 A
0.305979 0 0 3 A
0.307074 0 0 0 A
0.348590 0 0 1 A
0.352889 0 0 2 A
0.381646 0 0 3 A
0.382711 0 0 0 A
0.433984 0 0 1 A
0.435472 0 0 2 A
0.449045 0 0 3 A
0.450137 0 0 0 A
0.500570 0 0 1 A
0.525909 0 0 2 A
0.541141 0 0 3 A
0.542609 0 0 0 A
0.587647 0 0 1 A
0.588754 0 0 2 A
0.624834 0 0 3 A
0.625900 0 0 0 A
0.650624 0 0 1 A
0.651691 0 0 2 A
0.676491 0 0 3 A
0.677568 0 0 0 A
0.693947 0 0 1 A
0.710894 0 0 2 A
0.725075 0 0 3 A
0.726649 0 0 0 A
0.773573 0 0 1 A
0.774639 0 0 2 A
0.803611 0 0 3 A
0.804676 0 0 0 A
0.817969 0 0 1 A
0.835337 0 0 2 A
0.877889 0 0 3 A
0.878981 0 0 0 A
0.915581 0 0 1 A
0.916647 0 0 2 A
0.947972 0 0 3 A
0.949058 0 0 0 A
0.971402 0 0 1 A
0.982729 0 0 2 A
1.026297 0 0 3 A
1.027373 0 0 0 A
1.051633 0 0 1 A
1.052698 0 0 2 A
1.082192 0 0 3 A
1.083268 0 0 0 A
1.098767 0 0 1 A
1.099870 0 0 2 A
1.121372 0 0 3 A
1.122448 0 0 0 A
1.145937 0 0 1 A
1.147032 0 0 2 A
1.163328 0 0 3 A
1.164429 0 0 0 A
1.176659 0 0 1 A
1.177723 0 0 2 A
1.222238 0 0 3 A
1.223314 0 0 0 A
1.265567 0 0 1 A
1.266632 0 0 2 A
1.314887 0 0 3 A
1.315977 0 0 0 A
-1 2 2 4 LOCAL_SECTION;ENTRY_PROTOCOL;CRITICAL_SECTION;EXIT_PROTOCOL;