0.000064 5 5 0 F
0.011025 5 5 1 F
0.012117 5 5 2 F
0.067465 5 5 3 F
0.087615 5 5 0 F
0.127909 5 5 1 F
1.206197 5 5 2 F
1.286753 5 5 3 F
1.306898 5 5 0 F
1.367317 5 5 1 F
2.447695 5 5 2 F
2.508134 5 5 3 F
2.528280 5 5 0 F
2.588692 5 5 1 F
3.779895 5 5 2 F
3.840321 5 5 3 F
3.860464 5 5 0 F
3.922315 5 5 1 F
5.032565 5 5 2 F
5.092989 5 5 3 F
5.113134 5 5 0 F
5.183653 5 5 1 F
6.315164 5 5 2 F
6.375635 5 5 3 F
6.395841 5 5 0 F
6.436156 5 5 1 F
7.500388 5 5 2 F
7.560818 5 5 3 F
7.580963 5 5 0 F
7.641388 5 5 1 F
8.698917 5 5 2 F
8.779486 5 5 3 F
8.799645 5 5 0 F
8.840010 5 5 1 F
9.921918 5 5 2 F
10.004332 5 5 3 F
10.024487 5 5 0 F
10.064796 5 5 1 F
11.245487 5 5 2 F
11.285794 5 5 3 F
11.305946 5 5 0 F
11.346254 5 5 1 F
12.468943 5 5 2 F
12.549537 5 5 3 F
12.569694 5 5 0 F
0.000063 1 1 0 B
0.019710 1 1 1 B
0.409903 1 1 2 B
0.470405 1 1 3 B
0.490568 1 1 0 B
0.530899 1 1 1 B
1.659401 1 1 2 B
1.699692 1 1 3 B
1.719835 1 1 0 B
1.800404 1 1 1 B
2.893614 1 1 2 B
2.954042 1 1 3 B
2.974186 1 1 0 B
3.034608 1 1 1 B
4.194249 1 1 2 B
4.274814 1 1 3 B
4.294958 1 1 0 B
4.375520 1 1 1 B
5.465686 1 1 2 B
5.526118 1 1 3 B
5.546268 1 1 0 B
5.606687 1 1 1 B
6.680844 1 1 2 B
6.761400 1 1 3 B
6.781548 1 1 0 B
6.862130 1 1 1 B
7.883129 1 1 2 B
7.963694 1 1 3 B
7.983838 1 1 0 B
8.024134 1 1 1 B
9.133347 1 1 2 B
9.193806 1 1 3 B
9.214025 1 1 0 B
9.274489 1 1 1 B
10.388835 1 1 2 B
10.448612 1 1 3 B
10.468774 1 1 0 B
10.529269 1 1 1 B
11.598810 1 1 2 B
11.660415 1 1 3 B
11.680566 1 1 0 B
11.741049 1 1 1 B
12.861886 1 1 2 B
12.912259 1 1 3 B
12.936400 1 1 0 B
12.976690 1 1 1 B
13.977062 1 1 2 B
14.057617 1 1 3 B
14.077761 1 1 0 B
14.118053 1 1 1 B
15.075046 1 1 2 B
15.115323 1 1 3 B
15.135467 1 1 0 B
0.000066 14 14 0 O
0.026942 14 14 1 O
0.500659 14 14 2 O
0.540985 14 14 3 O
0.561388 14 14 0 O
0.621860 14 14 1 O
1.719836 14 14 2 O
1.780265 14 14 3 O
1.800399 14 14 0 O
1.860838 14 14 1 O
2.974186 14 14 2 O
3.014462 14 14 3 O
3.034608 14 14 0 O
3.095039 14 14 1 O
4.294958 14 14 2 O
4.365460 14 14 3 O
4.385605 14 14 0 O
4.466193 14 14 1 O
5.556316 14 14 2 O
5.616760 14 14 3 O
5.636906 14 14 0 O
5.680536 14 14 1 O
6.781548 14 14 2 O
6.841981 14 14 3 O
6.862126 14 14 0 O
6.922561 14 14 1 O
7.983839 14 14 2 O
8.024128 14 14 3 O
8.044274 14 14 0 O
8.104690 14 14 1 O
9.214026 14 14 2 O
9.274486 14 14 3 O
9.295105 14 14 0 O
9.355565 14 14 1 O
10.468775 14 14 2 O
10.549423 14 14 3 O
10.569586 14 14 0 O
10.609876 14 14 1 O
11.680572 14 14 2 O
11.761198 14 14 3 O
11.781325 14 14 0 O
11.841784 14 14 1 O
12.936401 14 14 2 O
12.986758 14 14 3 O
13.006903 14 14 0 O
13.067333 14 14 1 O
14.077771 14 14 2 O
14.158327 14 14 3 O
14.178472 14 14 0 O
14.218767 14 14 1 O
15.135467 14 14 2 O
15.195897 14 14 3 O
15.216048 14 14 0 O
0.000065 12 12 0 M
0.033450 12 12 1 M
0.621879 12 12 2 M
0.682319 12 12 3 M
0.702463 12 12 0 M
0.783041 12 12 1 M
1.882397 12 12 2 M
1.942837 12 12 3 M
1.962984 12 12 0 M
2.043549 12 12 1 M
3.115190 12 12 2 M
3.195753 12 12 3 M
3.215902 12 12 0 M
3.276319 12 12 1 M
4.516525 12 12 2 M
4.566902 12 12 3 M
4.589399 12 12 0 M
4.669979 12 12 1 M
5.710749 12 12 2 M
5.751040 12 12 3 M
5.771184 12 12 0 M
5.811463 12 12 1 M
6.922565 12 12 2 M
6.983003 12 12 3 M
7.003154 12 12 0 M
7.063601 12 12 1 M
8.124829 12 12 2 M
8.185275 12 12 3 M
8.205406 12 12 0 M
8.245698 12 12 1 M
9.355568 12 12 2 M
9.437040 12 12 3 M
9.457195 12 12 0 M
9.537796 12 12 1 M
10.670332 12 12 2 M
10.730762 12 12 3 M
10.760995 12 12 0 M
10.841615 12 12 1 M
11.843405 12 12 2 M
11.902264 12 12 3 M
11.922411 12 12 0 M
11.982876 12 12 1 M
13.067341 12 12 2 M
13.120590 12 12 3 M
13.144316 12 12 0 M
13.201251 12 12 1 M
14.269125 12 12 2 M
14.329535 12 12 3 M
14.349688 12 12 0 M
14.410174 12 12 1 M
15.258757 12 12 2 M
15.271953 12 12 3 M
15.273017 12 12 0 M
15.317651 12 12 1 M
15.591729 12 12 2 M
15.620426 12 12 3 M
15.621488 12 12 0 M
15.633753 12 12 1 M
16.030568 12 12 2 M
16.075370 12 12 3 M
16.076431 12 12 0 M
0.000064 7 7 0 H
0.033448 7 7 1 H
0.712524 7 7 2 H
0.772959 7 7 3 H
0.793104 7 7 0 H
0.833383 7 7 1 H
1.962985 7 7 2 H
2.023402 7 7 3 H
2.043547 7 7 0 H
2.124139 7 7 1 H
3.215903 7 7 2 H
3.296463 7 7 3 H
3.316610 7 7 0 H
3.397206 7 7 1 H
4.589399 7 7 2 H
4.649836 7 7 3 H
4.669980 7 7 0 H
4.710269 7 7 1 H
5.771202 7 7 2 H
5.811489 7 7 3 H
5.831633 7 7 0 H
5.892072 7 7 1 H
7.003158 7 7 2 H
7.063606 7 7 3 H
7.083754 7 7 0 H
7.144185 7 7 1 H
8.205406 7 7 2 H
8.245690 7 7 3 H
8.265836 7 7 0 H
8.346397 7 7 1 H
9.457196 7 7 2 H
9.517652 7 7 3 H
9.537802 7 7 0 H
9.578130 7 7 1 H
10.760997 7 7 2 H
10.821469 7 7 3 H
10.841619 7 7 0 H
10.902081 7 7 1 H
11.922411 7 7 2 H
12.003030 7 7 3 H
12.023187 7 7 0 H
12.088320 7 7 1 H
13.144317 7 7 2 H
13.221403 7 7 3 H
13.241551 7 7 0 H
13.301996 7 7 1 H
14.349692 7 7 2 H
14.410175 7 7 3 H
14.433324 7 7 0 H
14.470665 7 7 1 H
15.273018 7 7 2 H
15.292207 7 7 3 H
15.293269 7 7 0 H
15.324144 7 7 1 H
15.621489 7 7 2 H
15.670940 7 7 3 H
15.672001 7 7 0 H
15.685204 7 7 1 H
16.076431 7 7 2 H
16.089995 7 7 3 H
16.091058 7 7 0 H
0.000063 0 0 0 A
0.010995 0 0 1 A
0.087622 0 0 2 A
0.127910 0 0 3 A
0.148055 0 0 0 A
0.208468 0 0 1 A
1.306899 0 0 2 A
1.377399 0 0 3 A
1.397549 0 0 0 A
1.457986 0 0 1 A
2.528280 0 0 2 A
2.588691 0 0 3 A
2.608842 0 0 0 A
2.669398 0 0 1 A
3.860465 0 0 2 A
3.922316 0 0 3 A
3.942463 0 0 0 A
3.982750 0 0 1 A
5.123190 0 0 2 A
5.183640 0 0 3 A
5.203786 0 0 0 A
5.264226 0 0 1 A
6.395841 0 0 2 A
6.456326 0 0 3 A
6.476484 0 0 0 A
6.538277 0 0 1 A
7.580973 0 0 2 A
7.641395 0 0 3 A
7.661546 0 0 0 A
7.721989 0 0 1 A
8.799645 0 0 2 A
8.880322 0 0 3 A
8.900478 0 0 0 A
8.940786 0 0 1 A
10.024487 0 0 2 A
10.085044 0 0 3 A
10.105201 0 0 0 A
10.165648 0 0 1 A
11.305947 0 0 2 A
11.336183 0 0 3 A
11.356331 0 0 0 A
11.396635 0 0 1 A
12.569695 0 0 2 A
12.630156 0 0 3 A
12.650308 0 0 0 A
12.710697 0 0 1 A
13.664728 0 0 2 A
13.705020 0 0 3 A
13.725164 0 0 0 A
13.755396 0 0 1 A
14.843406 0 0 2 A
14.903851 0 0 3 A
14.923995 0 0 0 A
14.974322 0 0 1 A
15.457104 0 0 2 A
15.474394 0 0 3 A
15.475459 0 0 0 A
15.493710 0 0 1 A
15.815013 0 0 2 A
15.831214 0 0 3 A
15.832278 0 0 0 A
15.858442 0 0 1 A
16.232993 0 0 2 A
16.245447 0 0 3 A
16.246511 0 0 0 A
0.000063 2 2 0 C
0.017414 2 2 1 C
0.238698 2 2 2 C
0.319285 2 2 3 C
0.339402 2 2 0 C
0.379691 2 2 1 C
1.478134 2 2 2 C
1.538540 2 2 3 C
1.558687 2 2 0 C
1.598975 2 2 1 C
2.689545 2 2 2 C
2.772750 2 2 3 C
2.792897 2 2 0 C
2.873462 2 2 1 C
4.033105 2 2 2 C
4.113668 2 2 3 C
4.133811 2 2 0 C
4.194248 2 2 1 C
5.294459 2 2 2 C
5.354895 2 2 3 C
5.375037 2 2 0 C
5.435466 2 2 1 C
6.538289 2 2 2 C
6.580140 2 2 3 C
6.600289 2 2 0 C
6.640573 2 2 1 C
7.721998 2 2 2 C
7.762282 2 2 3 C
7.782397 2 2 0 C
7.822689 2 2 1 C
8.992143 2 2 2 C
9.032457 2 2 3 C
9.052615 2 2 0 C
9.113154 2 2 1 C
10.226716 2 2 2 C
10.287277 2 2 3 C
10.307420 2 2 0 C
10.388127 2 2 1 C
11.437573 2 2 2 C
11.518176 2 2 3 C
11.538326 2 2 0 C
11.598811 2 2 1 C
12.730843 2 2 2 C
12.791325 2 2 3 C
12.811518 2 2 0 C
12.861890 2 2 1 C
13.785605 2 2 2 C
13.846031 2 2 3 C
13.866191 2 2 0 C
13.926666 2 2 1 C
14.974323 2 2 2 C
14.994463 2 2 3 C
15.014607 2 2 0 C
15.044834 2 2 1 C
15.493712 2 2 2 C
15.525312 2 2 3 C
15.526390 2 2 0 C
15.555590 2 2 1 C
15.927941 2 2 2 C
15.945985 2 2 3 C
15.947045 2 2 0 C
15.986238 2 2 1 C
16.328452 2 2 2 C
16.376774 2 2 3 C
16.378035 2 2 0 C
16.422466 2 2 1 C
16.548691 2 2 2 C
16.595101 2 2 3 C
16.596184 2 2 0 C
16.608396 2 2 1 C
16.868990 2 2 2 C
16.919604 2 2 3 C
16.920669 2 2 0 C
16.949866 2 2 1 C
17.205382 2 2 2 C
17.247721 2 2 3 C
17.248785 2 2 0 C
0.000065 8 8 0 I
0.018530 8 8 1 I
0.339402 8 8 2 I
0.379689 8 8 3 I
0.399835 8 8 0 I
0.440133 8 8 1 I
1.558688 8 8 2 I
1.639265 8 8 3 I
1.659399 8 8 0 I
1.719825 8 8 1 I
2.792897 8 8 2 I
2.873469 8 8 3 I
2.893614 8 8 0 I
2.954047 8 8 1 I
4.133812 8 8 2 I
4.164040 8 8 3 I
4.184186 8 8 0 I
4.224462 8 8 1 I
5.385104 8 8 2 I
5.445531 8 8 3 I
5.465679 8 8 0 I
5.526111 8 8 1 I
6.600289 8 8 2 I
6.660684 8 8 3 I
6.680833 8 8 0 I
6.741272 8 8 1 I
7.782397 8 8 2 I
7.862980 8 8 3 I
7.883126 8 8 0 I
7.943540 8 8 1 I
9.052622 8 8 2 I
9.113169 8 8 3 I
9.133347 8 8 0 I
9.193811 8 8 1 I
10.307421 8 8 2 I
10.368340 8 8 3 I
10.388834 8 8 0 I
10.454324 8 8 1 I
11.538327 8 8 2 I
11.578647 8 8 3 I
11.598810 8 8 0 I
11.680573 8 8 1 I
12.811519 8 8 2 I
12.841736 8 8 3 I
12.861885 8 8 0 I
12.936405 8 8 1 I
13.866192 8 8 2 I
13.946835 8 8 3 I
13.966998 8 8 0 I
14.027407 8 8 1 I
15.014608 8 8 2 I
15.044833 8 8 3 I
15.075046 8 8 0 I
15.142994 8 8 1 I
15.526390 8 8 2 I
15.567423 8 8 3 I
15.568481 8 8 0 I
15.596921 8 8 1 I
15.947046 8 8 2 I
15.990311 8 8 3 I
15.992309 8 8 0 I
16.036755 8 8 1 I
16.378035 8 8 2 I
16.396234 8 8 3 I
16.397297 8 8 0 I
16.436695 8 8 1 I
16.596185 8 8 2 I
16.619606 8 8 3 I
16.620707 8 8 0 I
16.666904 8 8 1 I
16.920669 8 8 2 I
16.963168 8 8 3 I
16.964231 8 8 0 I
16.979426 8 8 1 I
17.248785 8 8 2 I
17.265987 8 8 3 I
17.267050 8 8 0 I
0.000065 9 9 0 J
0.012166 9 9 1 J
0.158130 9 9 2 J
0.218551 9 9 3 J
0.238698 9 9 0 J
0.299130 9 9 1 J
1.397549 9 9 2 J
1.457981 9 9 3 J
1.478125 9 9 0 J
1.538540 9 9 1 J
2.608842 9 9 2 J
2.669399 9 9 3 J
2.689545 9 9 0 J
2.752605 9 9 1 J
3.942464 9 9 2 J
4.002895 9 9 3 J
4.023043 9 9 0 J
4.063316 9 9 1 J
5.203787 9 9 2 J
5.274312 9 9 3 J
5.294459 9 9 0 J
5.354895 9 9 1 J
6.476484 9 9 2 J
6.518135 9 9 3 J
6.538289 9 9 0 J
6.580148 9 9 1 J
7.661554 9 9 2 J
7.701846 9 9 3 J
7.721998 9 9 0 J
7.802551 9 9 1 J
8.900485 9 9 2 J
8.960969 9 9 3 J
8.982066 9 9 0 J
9.022378 9 9 1 J
10.115266 9 9 2 J
10.196462 9 9 3 J
10.216632 9 9 0 J
10.256961 9 9 1 J
11.356331 9 9 2 J
11.417410 9 9 3 J
11.437573 9 9 0 J
11.498024 9 9 1 J
12.650309 9 9 2 J
12.710699 9 9 3 J
12.730843 9 9 0 J
12.811484 9 9 1 J
13.725165 9 9 2 J
13.755395 9 9 3 J
13.785605 9 9 0 J
13.825892 9 9 1 J
14.923995 9 9 2 J
14.954206 9 9 3 J
14.974323 9 9 0 J
15.020738 9 9 1 J
15.475459 9 9 2 J
15.492648 9 9 3 J
15.493712 9 9 0 J
15.522130 9 9 1 J
15.880393 9 9 2 J
15.926739 9 9 3 J
15.927940 9 9 0 J
15.940143 9 9 1 J
16.294092 9 9 2 J
16.327385 9 9 3 J
16.328451 9 9 0 J
16.345713 9 9 1 J
16.513936 9 9 2 J
16.547614 9 9 3 J
16.548691 9 9 0 J
16.574897 9 9 1 J
16.838705 9 9 2 J
16.867921 9 9 3 J
16.868989 9 9 0 J
16.891189 9 9 1 J
17.163945 9 9 2 J
17.204317 9 9 3 J
17.205381 9 9 0 J
17.231522 9 9 1 J
17.459419 9 9 2 J
17.504095 9 9 3 J
17.505190 9 9 0 J
17.518319 9 9 1 J
17.724929 9 9 2 J
17.745118 9 9 3 J
17.746181 9 9 0 J
17.782455 9 9 1 J
17.915672 9 9 2 J
17.932033 9 9 3 J
17.933111 9 9 0 J
0.000064 6 6 0 G
0.029190 6 6 1 G
0.561389 6 6 2 G
0.601713 6 6 3 G
0.621865 6 6 0 G
0.702462 6 6 1 G
1.800400 6 6 2 G
1.860836 6 6 3 G
1.882397 6 6 0 G
1.962982 6 6 1 G
3.034609 6 6 2 G
3.095045 6 6 3 G
3.115190 6 6 0 G
3.155466 6 6 1 G
4.395668 6 6 2 G
4.476253 6 6 3 G
4.496379 6 6 0 G
4.536671 6 6 1 G
5.636907 6 6 2 G
5.680541 6 6 3 G
5.700686 6 6 0 G
5.761121 6 6 1 G
6.862126 6 6 2 G
6.902411 6 6 3 G
6.922564 6 6 0 G
6.962863 6 6 1 G
8.044274 6 6 2 G
8.104683 6 6 3 G
8.124829 6 6 0 G
8.205398 6 6 1 G
9.295105 6 6 2 G
9.335412 6 6 3 G
9.355568 6 6 0 G
9.437043 6 6 1 G
10.569587 6 6 2 G
10.650202 6 6 3 G
10.670330 6 6 0 G
10.730762 6 6 1 G
11.781325 6 6 2 G
11.821638 6 6 3 G
11.843404 6 6 0 G
11.902268 6 6 1 G
13.006903 6 6 2 G
13.047203 6 6 3 G
13.067340 6 6 0 G
13.120589 6 6 1 G
14.178477 6 6 2 G
14.238919 6 6 3 G
14.259064 6 6 0 G
14.319473 6 6 1 G
15.216050 6 6 2 G
15.257695 6 6 3 G
15.258756 6 6 0 G
15.304440 6 6 1 G
15.568481 6 6 2 G
15.590666 6 6 3 G
15.591728 6 6 0 G
15.622552 6 6 1 G
15.992310 6 6 2 G
16.029500 6 6 3 G
16.030561 6 6 0 G
16.060327 6 6 1 G
16.397297 6 6 2 G
16.439899 6 6 3 G
16.441079 6 6 0 G
16.481968 6 6 1 G
16.669056 6 6 2 G
16.705458 6 6 3 G
16.706540 6 6 0 G
16.747047 6 6 1 G
16.990694 6 6 2 G
17.024079 6 6 3 G
17.025144 6 6 0 G
17.053610 6 6 1 G
17.287311 6 6 2 G
17.309505 6 6 3 G
17.310567 6 6 0 G
17.328766 6 6 1 G
17.505190 6 6 2 G
17.537518 6 6 3 G
17.538582 6 6 0 G
17.577845 6 6 1 G
17.746181 6 6 2 G
17.789647 6 6 3 G
17.790710 6 6 0 G
17.802898 6 6 1 G
17.933111 6 6 2 G
17.973638 6 6 3 G
17.974707 6 6 0 G
0.000065 11 11 0 L
0.057398 11 11 1 L
1.035002 11 11 2 L
1.095394 11 11 3 L
1.115539 11 11 0 L
1.155832 11 11 1 L
2.306689 11 11 2 L
2.367151 11 11 3 L
2.387294 11 11 0 L
2.427556 11 11 1 L
3.618754 11 11 2 L
3.679191 11 11 3 L
3.719463 11 11 0 L
3.759752 11 11 1 L
4.871401 11 11 2 L
4.951980 11 11 3 L
4.972126 11 11 0 L
5.032551 11 11 1 L
6.113629 11 11 2 L
6.194224 11 11 3 L
6.214334 11 11 0 L
6.294996 11 11 1 L
7.335534 11 11 2 L
7.375815 11 11 3 L
7.395969 11 11 0 L
7.456381 11 11 1 L
8.557911 11 11 2 L
8.618322 11 11 3 L
8.638471 11 11 0 L
8.719052 11 11 1 L
9.765311 11 11 2 L
9.841323 11 11 3 L
9.862319 11 11 0 L
9.901751 11 11 1 L
11.083399 11 11 2 L
11.144715 11 11 3 L
11.164872 11 11 0 L
11.245485 11 11 1 L
12.307726 11 11 2 L
12.368201 11 11 3 L
12.388333 11 11 0 L
12.448797 11 11 1 L
13.503423 11 11 2 L
13.563925 11 11 3 L
13.584085 11 11 0 L
13.644578 11 11 1 L
14.712410 11 11 2 L
14.752709 11 11 3 L
14.772866 11 11 0 L
14.813172 11 11 1 L
15.399367 11 11 2 L
15.436550 11 11 3 L
15.437612 11 11 0 L
15.469296 11 11 1 L
15.782614 11 11 2 L
15.813831 11 11 3 L
15.815013 11 11 0 L
15.858444 11 11 1 L
16.190526 11 11 2 L
16.231912 11 11 3 L
16.232992 11 11 0 L
16.267721 11 11 1 L
16.484315 11 11 2 L
16.499457 11 11 3 L
16.500523 11 11 0 L
16.532386 11 11 1 L
16.760314 11 11 2 L
16.792711 11 11 3 L
16.793793 11 11 0 L
16.817005 11 11 1 L
17.073957 11 11 2 L
17.112462 11 11 3 L
17.113526 11 11 0 L
17.160736 11 11 1 L
17.387576 11 11 2 L
17.418999 11 11 3 L
17.420079 11 11 0 L
17.469609 11 11 1 L
17.640891 11 11 2 L
17.681379 11 11 3 L
17.682441 11 11 0 L
17.713622 11 11 1 L
17.884073 11 11 2 L
17.902263 11 11 3 L
17.903311 11 11 0 L
17.929871 11 11 1 L
18.038662 11 11 2 L
18.073255 11 11 3 L
18.074311 11 11 0 L
0.000064 3 3 0 D
0.035757 3 3 1 D
0.793104 3 3 2 D
0.833398 3 3 3 D
0.853542 3 3 0 D
0.913997 3 3 1 D
2.043557 3 3 2 D
2.124140 3 3 3 D
2.144291 3 3 0 D
2.224843 3 3 1 D
3.316611 3 3 2 D
3.397204 3 3 3 D
3.417318 3 3 0 D
3.497900 3 3 1 D
4.669980 3 3 2 D
4.730399 3 3 3 D
4.750546 3 3 0 D
4.831125 3 3 1 D
5.831633 3 3 2 D
5.912198 3 3 3 D
5.932322 3 3 0 D
5.992757 3 3 1 D
7.083754 3 3 2 D
7.144190 3 3 3 D
7.164324 3 3 0 D
7.224767 3 3 1 D
8.275902 3 3 2 D
8.356462 3 3 3 D
8.376609 3 3 0 D
8.457189 3 3 1 D
9.538748 3 3 2 D
9.598294 3 3 3 D
9.618416 3 3 0 D
9.658730 3 3 1 D
10.841620 3 3 2 D
10.922233 3 3 3 D
10.942344 3 3 0 D
11.002800 3 3 1 D
12.033254 3 3 2 D
12.096039 3 3 3 D
12.116245 3 3 0 D
12.156501 3 3 1 D
13.241552 3 3 2 D
13.301998 3 3 3 D
13.322144 3 3 0 D
13.402768 3 3 1 D
14.433324 3 3 2 D
14.510975 3 3 3 D
14.531121 3 3 0 D
14.571404 3 3 1 D
15.293270 3 3 2 D
15.334310 3 3 3 D
15.335371 3 3 0 D
15.359811 3 3 1 D
15.672001 3 3 2 D
15.717426 3 3 3 D
15.718485 3 3 0 D
15.748667 3 3 1 D
16.091069 3 3 2 D
16.108527 3 3 3 D
16.109593 3 3 0 D
16.153080 3 3 1 D
16.441080 3 3 2 D
16.454289 3 3 3 D
16.455321 3 3 0 D
16.472772 3 3 1 D
16.620708 3 3 2 D
16.667971 3 3 3 D
16.669056 3 3 0 D
16.689664 3 3 1 D
16.964232 3 3 2 D
16.989629 3 3 3 D
16.990694 3 3 0 D
17.008882 3 3 1 D
17.267050 3 3 2 D
17.286246 3 3 3 D
17.287311 3 3 0 D
17.329834 3 3 1 D
17.538582 3 3 2 D
17.576781 3 3 3 D
17.577846 3 3 0 D
17.611391 3 3 1 D
17.790710 3 3 2 D
17.811168 3 3 3 D
17.812263 3 3 0 D
17.853683 3 3 1 D
17.974707 3 3 2 D
18.002916 3 3 3 D
18.003980 3 3 0 D
18.037591 3 3 1 D
18.090634 3 3 2 D
18.129857 3 3 3 D
18.130922 3 3 0 D
0.000066 13 13 0 N
0.038010 13 13 1 N
0.853543 13 13 2 N
0.934142 13 13 3 N
0.954414 13 13 0 N
1.035004 13 13 1 N
2.144291 13 13 2 N
2.204702 13 13 3 N
2.224845 13 13 0 N
2.286541 13 13 1 N
3.417318 13 13 2 N
3.497901 13 13 3 N
3.518046 13 13 0 N
3.598609 13 13 1 N
4.750547 13 13 2 N
4.790834 13 13 3 N
4.810980 13 13 0 N
4.871400 13 13 1 N
5.932322 13 13 2 N
6.012902 13 13 3 N
6.033051 13 13 0 N
6.093467 13 13 1 N
7.164324 13 13 2 N
7.224766 13 13 3 N
7.254988 13 13 0 N
7.355688 13 13 1 N
8.376610 13 13 2 N
8.437053 13 13 3 N
8.457198 13 13 0 N
8.517629 13 13 1 N
9.618417 13 13 2 N
9.681320 13 13 3 N
9.700129 13 13 0 N
9.740431 13 13 1 N
10.942344 13 13 2 N
11.002789 13 13 3 N
11.022942 13 13 0 N
11.104405 13 13 1 N
12.126314 13 13 2 N
12.186781 13 13 3 N
12.227125 13 13 0 N
12.287567 13 13 1 N
13.322145 13 13 2 N
13.382557 13 13 3 N
13.402702 13 13 0 N
13.463144 13 13 1 N
14.531121 13 13 2 N
14.591540 13 13 3 N
14.611686 13 13 0 N
14.672124 13 13 1 N
15.335372 13 13 2 N
15.355561 13 13 3 N
15.356624 13 13 0 N
15.377206 13 13 1 N
15.718485 13 13 2 N
15.760310 13 13 3 N
15.761368 13 13 0 N
15.800754 13 13 1 N
16.109594 13 13 2 N
16.148797 13 13 3 N
16.149863 13 13 0 N
16.197716 13 13 1 N
16.455322 13 13 2 N
16.468519 13 13 3 N
16.469585 13 13 0 N
16.502660 13 13 1 N
16.706540 13 13 2 N
16.732734 13 13 3 N
16.733831 13 13 0 N
16.747045 13 13 1 N
17.025145 13 13 2 N
17.047332 13 13 3 N
17.048413 13 13 0 N
17.091152 13 13 1 N
17.310567 13 13 2 N
17.345057 13 13 3 N
17.346133 13 13 0 N
17.370320 13 13 1 N
17.577847 13 13 2 N
17.606097 13 13 3 N
17.607192 13 13 0 N
17.633594 13 13 1 N
17.812263 13 13 2 N
17.836435 13 13 3 N
17.837498 13 13 0 N
17.880871 13 13 1 N
18.003980 13 13 2 N
18.019181 13 13 3 N
18.020245 13 13 0 N
18.040789 13 13 1 N
18.130922 13 13 2 N
18.159650 13 13 3 N
18.160719 13 13 0 N
0.000064 4 4 0 E
0.044228 4 4 1 E
0.954414 4 4 2 E
1.014851 4 4 3 E
1.034997 4 4 0 E
1.075290 4 4 1 E
2.224846 4 4 2 E
2.286545 4 4 3 E
2.306689 4 4 0 E
2.367145 4 4 1 E
3.518047 4 4 2 E
3.598606 4 4 3 E
3.618754 4 4 0 E
3.679189 4 4 1 E
4.810981 4 4 2 E
4.851270 4 4 3 E
4.871398 4 4 0 E
4.931834 4 4 1 E
6.033052 4 4 2 E
6.093474 4 4 3 E
6.113619 4 4 0 E
6.174068 4 4 1 E
7.254988 4 4 2 E
7.315386 4 4 3 E
7.335533 4 4 0 E
7.395971 4 4 1 E
8.467271 4 4 2 E
8.527705 4 4 3 E
8.547850 4 4 0 E
8.628406 4 4 1 E
9.700130 4 4 2 E
9.740432 4 4 3 E
9.760591 4 4 0 E
9.821113 4 4 1 E
11.022942 4 4 2 E
11.063238 4 4 3 E
11.083394 4 4 0 E
11.144708 4 4 1 E
12.227125 4 4 2 E
12.287563 4 4 3 E
12.307725 4 4 0 E
12.368196 4 4 1 E
13.402702 4 4 2 E
13.483288 4 4 3 E
13.503423 4 4 0 E
13.563931 4 4 1 E
14.611687 4 4 2 E
14.692281 4 4 3 E
14.712410 4 4 0 E
14.752728 4 4 1 E
15.356625 4 4 2 E
15.398307 4 4 3 E
15.399367 4 4 0 E
15.445795 4 4 1 E
15.761369 4 4 2 E
15.781555 4 4 3 E
15.782613 4 4 0 E
15.815014 4 4 1 E
16.149863 4 4 2 E
16.189461 4 4 3 E
16.190526 4 4 0 E
16.239225 4 4 1 E
16.469585 4 4 2 E
16.483045 4 4 3 E
16.484315 4 4 0 E
16.522176 4 4 1 E
16.733831 4 4 2 E
16.759285 4 4 3 E
16.760313 4 4 0 E
16.780341 4 4 1 E
17.048413 4 4 2 E
17.072892 4 4 3 E
17.073956 4 4 0 E
17.110322 4 4 1 E
17.346134 4 4 2 E
17.386512 4 4 3 E
17.387575 4 4 0 E
17.407474 4 4 1 E
17.607192 4 4 2 E
17.639010 4 4 3 E
17.640891 4 4 0 E
17.655140 4 4 1 E
17.837498 4 4 2 E
17.883008 4 4 3 E
17.884072 4 4 0 E
17.913499 4 4 1 E
18.020246 4 4 2 E
18.037593 4 4 3 E
18.038662 4 4 0 E
18.051830 4 4 1 E
18.160720 4 4 2 E
18.177894 4 4 3 E
18.178962 4 4 0 E
0.000065 10 10 0 K
0.057397 10 10 1 K
1.115549 10 10 2 K
1.175986 10 10 3 K
1.196132 10 10 0 K
1.276696 10 10 1 K
2.387294 10 10 2 K
2.427548 10 10 3 K
2.447695 10 10 0 K
2.508132 10 10 1 K
3.719464 10 10 2 K
3.759750 10 10 3 K
3.779895 10 10 0 K
3.840317 10 10 1 K
4.972126 10 10 2 K
5.012410 10 10 3 K
5.032557 10 10 0 K
5.113135 10 10 1 K
6.214335 10 10 2 K
6.294997 10 10 3 K
6.315163 10 10 0 K
6.355492 10 10 1 K
7.395972 10 10 2 K
7.476533 10 10 3 K
7.500388 10 10 0 K
7.560821 10 10 1 K
8.638478 10 10 2 K
8.678767 10 10 3 K
8.698915 10 10 0 K
8.759328 10 10 1 K
9.862320 10 10 2 K
9.901755 10 10 3 K
9.921917 10 10 0 K
9.962237 10 10 1 K
11.164872 10 10 2 K
11.225323 10 10 3 K
11.245476 10 10 0 K
11.305941 10 10 1 K
12.388333 10 10 2 K
12.448792 10 10 3 K
12.468943 10 10 0 K
12.549539 10 10 1 K
13.584381 10 10 2 K
13.644578 10 10 3 K
13.664727 10 10 0 K
13.729313 10 10 1 K
14.772867 10 10 2 K
14.823257 10 10 3 K
14.843405 10 10 0 K
14.923985 10 10 1 K
15.437613 10 10 2 K
15.456038 10 10 3 K
15.457103 10 10 0 K
15.507916 10 10 1 K
15.832279 10 10 2 K
15.879329 10 10 3 K
15.880392 10 10 0 K
15.921607 10 10 1 K
16.246512 10 10 2 K
16.293015 10 10 3 K
16.294091 10 10 0 K
16.344649 10 10 1 K
16.500523 10 10 2 K
16.512868 10 10 3 K
16.513936 10 10 0 K
16.548420 10 10 1 K
16.793793 10 10 2 K
16.837628 10 10 3 K
16.838705 10 10 0 K
16.885193 10 10 1 K
17.113526 10 10 2 K
17.162882 10 10 3 K
17.163945 10 10 0 K
17.189152 10 10 1 K
17.420079 10 10 2 K
17.457815 10 10 3 K
17.459419 10 10 0 K
17.490821 10 10 1 K
17.682441 10 10 2 K
17.723863 10 10 3 K
17.724928 10 10 0 K
17.747244 10 10 1 K
17.903311 10 10 2 K
17.914563 10 10 3 K
17.915672 10 10 0 K
17.947399 10 10 1 K
18.074311 10 10 2 K
18.089555 10 10 3 K
18.090633 10 10 0 K
18.139187 10 10 1 K
18.178963 10 10 2 K
18.192270 10 10 3 K
18.193322 10 10 0 K
18.229010 10 10 1 K
18.230628 10 10 2 K
18.264205 10 10 3 K
18.265832 10 10 0 K
-1 15 15 4 LOCAL_SECTION;ENTRY_PROTOCOL;CRITICAL_SECTION;EXIT_PROTOCOL;MAX_TICKET=279;