n,B,U,C,D,D-C
1000,33,360,8090,8109,19
1000,35,361,6258,10774,4516
1000,14,352,7212,9888,2676
1000,36,358,9609,12867,3258
1000,19,378,6633,8720,2087
1000,49,358,6742,11295,4553
1000,7,366,7166,10038,2872
1000,20,374,7848,12108,4260
1000,28,374,6253,8090,1837
1000,20,370,6782,8090,1308
1000,33,356,7331,8786,1455
1000,19,366,6659,9823,3164
1000,24,381,6793,8200,1407
1000,7,357,6499,9288,2789
1000,43,358,8236,10497,2261
1000,70,369,6697,8118,1421
1000,26,368,6627,9699,3072
1000,37,378,6653,8018,1365
1000,27,353,7775,9324,1549
1000,23,399,6665,11544,4879
1000,18,359,7292,10526,3234
1000,56,373,8047,10214,2167
1000,86,361,7148,9151,2003
1000,26,390,8553,10888,2335
1000,13,371,7394,10616,3222
1000,58,344,8134,8220,86
1000,16,365,6950,8773,1823
1000,71,354,6956,12382,5426
1000,51,375,6160,9381,3221
1000,54,367,8541,9642,1101
1000,23,368,7254,8181,927
1000,42,363,9990,10855,865
1000,35,374,7708,10270,2562
1000,65,376,6492,8998,2506
1000,34,377,7387,9071,1684
1000,60,376,6196,8952,2756
1000,47,370,5979,8274,2295
1000,34,375,6866,9779,2913
1000,64,363,8719,12024,3305
1000,49,359,7139,8547,1408
1000,63,369,7284,8803,1519
1000,49,370,8702,10564,1862
1000,62,361,7005,7963,958
1000,21,364,7482,9139,1657
1000,59,380,5578,11149,5571
1000,35,364,12346,13066,720
1000,48,374,7392,9437,2045
1000,42,363,10496,10556,60
1000,27,373,6517,9006,2489
1000,25,365,7216,10095,2879
2000,79,727,13193,18887,5694
2000,92,722,15621,21331,5710
2000,13,734,14589,19343,4754
2000,95,723,15275,21485,6210
2000,33,747,16627,20752,4125
2000,11,758,15107,18974,3867
2000,30,719,13686,17354,3668
2000,23,729,19389,22977,3588
2000,45,762,17422,24213,6791
2000,71,743,16662,19654,2992
2000,45,738,16460,27862,11402
2000,73,735,15873,23411,7538
2000,65,737,21929,23573,1644
2000,97,714,14187,17169,2982
2000,115,751,13540,22834,9294
2000,71,722,21689,22462,773
2000,37,753,13396,18362,4966
2000,70,732,19202,26387,7185
2000,66,745,14242,24418,10176
2000,84,724,15193,20156,4963
2000,79,734,14403,20560,6157
2000,23,712,15060,20928,5868
2000,48,734,13776,18968,5192
2000,37,710,14720,20589,5869
2000,136,721,14770,19107,4337
2000,47,733,15545,16935,1390
2000,80,748,15132,20723,5591
2000,77,702,16887,22108,5221
2000,32,734,13972,24014,10042
2000,19,732,14030,18809,4779
2000,71,764,16732,20524,3792
2000,57,728,18079,19214,1135
2000,22,787,15856,21163,5307
2000,94,753,16464,22490,6026
2000,46,746,16277,20853,4576
2000,23,738,12523,16360,3837
2000,45,755,20258,23956,3698
2000,48,730,14736,20288,5552
2000,74,724,15205,19362,4157
2000,28,720,14558,26147,11589
2000,44,727,12512,20194,7682
2000,50,751,18269,21930,3661
2000,90,709,14810,16494,1684
2000,38,745,17423,20160,2737
2000,72,729,15922,20131,4209
2000,55,739,14840,22208,7368
2000,131,729,15159,19475,4316
2000,17,763,16937,18234,1297
2000,77,724,12671,17037,4366
2000,25,749,15969,25268,9299
3000,36,1112,33570,34797,1227
3000,84,1115,24455,31590,7135
3000,18,1111,22584,38566,15982
3000,42,1093,22403,36759,14356
3000,107,1070,24830,29556,4726
3000,111,1132,25424,28505,3081
3000,94,1094,22375,30761,8386
3000,145,1074,23396,32826,9430
3000,21,1111,21826,31946,10120
3000,27,1130,25110,32017,6907
3000,45,1111,25713,36896,11183
3000,12,1091,24204,29565,5361
3000,39,1094,26568,35512,8944
3000,39,1068,25444,33284,7840
3000,93,1109,20632,28618,7986
3000,52,1089,22893,32282,9389
3000,84,1117,25586,31515,5929
3000,99,1122,26574,38993,12419
3000,24,1129,27588,35557,7969
3000,78,1091,29899,29934,35
3000,74,1094,30470,34633,4163
3000,76,1092,24243,33486,9243
3000,47,1108,30007,36297,6290
3000,98,1102,24960,26387,1427
3000,30,1095,25292,36133,10841
3000,129,1107,22681,34589,11908
3000,48,1100,24924,34001,9077
3000,101,1115,29048,31775,2727
3000,87,1114,30642,32618,1976
3000,52,1131,23830,28880,5050
3000,104,1100,22788,27885,5097
3000,90,1075,32155,36896,4741
3000,75,1129,23913,32210,8297
3000,57,1109,25067,28321,3254
3000,72,1091,22341,35344,13003
3000,54,1100,21113,28631,7518
3000,121,1111,22816,28963,6147
3000,45,1104,21784,29646,7862
3000,116,1091,32903,38313,5410
3000,16,1079,27117,34088,6971
3000,141,1075,17440,32184,14744
3000,73,1153,31111,32135,1024
3000,86,1103,24737,29691,4954
3000,23,1090,24258,27732,3474
3000,108,1105,25525,38885,13360
3000,77,1109,24522,31441,6919
3000,117,1082,21947,31623,9676
3000,123,1118,24646,31513,6867
3000,50,1107,24075,33099,9024
3000,60,1088,21380,29820,8440
4000,47,1470,32837,46483,13646
4000,111,1444,33578,38423,4845
4000,37,1460,41440,44187,2747
4000,172,1431,38788,46644,7856
4000,95,1452,35440,57442,22002
4000,71,1471,37687,43826,6139
4000,101,1435,39454,46146,6692
4000,73,1456,35882,47263,11381
4000,199,1466,37626,53091,15465
4000,76,1482,31924,38484,6560
4000,37,1469,34537,37485,2948
4000,35,1493,35955,40848,4893
4000,59,1493,39600,44752,5152
4000,76,1479,29178,43516,14338
4000,50,1451,37380,42530,5150
4000,28,1488,36120,41729,5609
4000,124,1489,32253,44564,12311
4000,69,1480,39783,43446,3663
4000,46,1476,34500,52374,17874
4000,40,1477,37088,44285,7197
4000,51,1467,36629,40205,3576
4000,82,1456,30739,46706,15967
4000,67,1481,38028,46971,8943
4000,76,1478,29920,39590,9670
4000,15,1472,38909,55355,16446
4000,53,1485,37058,45062,8004
4000,64,1474,34614,42502,7888
4000,47,1475,38148,47747,9599
4000,118,1459,35325,39422,4097
4000,22,1468,34876,45328,10452
4000,77,1501,30499,45858,15359
4000,63,1493,36878,41607,4729
4000,50,1451,34738,45249,10511
4000,77,1420,34525,38435,3910
4000,95,1448,37795,43011,5216
4000,114,1463,33612,40840,7228
4000,12,1456,39176,42999,3823
4000,136,1480,33146,43128,9982
4000,101,1477,33730,49627,15897
4000,84,1478,32850,40779,7929
4000,173,1468,47934,52567,4633
4000,102,1499,30937,45924,14987
4000,89,1439,35927,45895,9968
4000,79,1499,40695,42112,1417
4000,86,1468,37215,48328,11113
4000,71,1470,31497,41057,9560
4000,62,1455,28532,36044,7512
4000,89,1489,45250,47217,1967
4000,53,1462,32723,53964,21241
4000,124,1494,36432,41390,4958
5000,136,1813,46081,49194,3113
5000,67,1829,48810,53654,4844
5000,126,1781,59594,59604,10
5000,54,1811,35169,48529,13360
5000,125,1820,57787,74855,17068
5000,64,1856,46924,56855,9931
5000,113,1821,39846,61508,21662
5000,189,1825,52370,58021,5651
5000,245,1884,50401,55133,4732
5000,105,1818,42969,56033,13064
5000,83,1826,43986,48549,4563
5000,40,1868,41174,66132,24958
5000,93,1825,44082,50599,6517
5000,157,1835,37597,49879,12282
5000,93,1842,44258,45066,808
5000,107,1876,40689,52751,12062
5000,73,1828,43463,74349,30886
5000,159,1825,45872,57603,11731
5000,152,1841,56407,58330,1923
5000,126,1844,39754,52350,12596
5000,108,1845,38193,60750,22557
5000,66,1813,42742,76840,34098
5000,125,1799,42546,54352,11806
5000,40,1846,40766,53704,12938
5000,22,1841,46598,71733,25135
5000,71,1851,36243,48157,11914
5000,151,1874,43604,54113,10509
5000,85,1840,40602,56643,16041
5000,75,1817,53091,55429,2338
5000,100,1832,37515,52599,15084
5000,46,1826,39360,53089,13729
5000,134,1834,42830,63228,20398
5000,63,1846,38638,55952,17314
5000,33,1834,49916,55580,5664
5000,75,1835,45555,66763,21208
5000,60,1786,44471,52560,8089
5000,155,1852,41738,71524,29786
5000,64,1819,43074,53774,10700
5000,25,1808,38108,53097,14989
5000,140,1830,37825,57926,20101
5000,30,1884,44228,52695,8467
5000,79,1845,58907,61175,2268
5000,54,1852,52744,54923,2179
5000,62,1829,40278,52820,12542
5000,123,1817,47898,59310,11412
5000,109,1835,45013,61739,16726
5000,61,1814,38196,60647,22451
5000,57,1874,43670,50926,7256
5000,93,1854,48043,55344,7301
5000,24,1859,50717,52593,1876
6000,36,2193,46329,61420,15091
6000,61,2191,51259,66995,15736
6000,67,2177,52676,64355,11679
6000,74,2226,65571,86877,21306
6000,14,2188,68914,85988,17074
6000,197,2175,48112,74453,26341
6000,136,2186,83251,89749,6498
6000,206,2243,67637,68425,788
6000,107,2242,67142,73192,6050
6000,75,2168,60653,83892,23239
6000,60,2178,60554,72364,11810
6000,151,2224,60956,66705,5749
6000,22,2202,50757,85006,34249
6000,106,2246,45842,62212,16370
6000,89,2199,56456,69839,13383
6000,23,2216,56840,77473,20633
6000,169,2227,65800,70976,5176
6000,161,2204,58767,72493,13726
6000,64,2171,49304,58528,9224
6000,87,2188,67852,71275,3423
6000,176,2211,51428,59268,7840
6000,113,2187,65701,71522,5821
6000,140,2226,52956,60998,8042
6000,50,2186,49133,68107,18974
6000,169,2186,59513,67873,8360
6000,83,2240,50666,64050,13384
6000,113,2197,56254,78383,22129
6000,76,2174,85017,91699,6682
6000,90,2213,53973,69694,15721
6000,209,2220,60851,65040,4189
6000,79,2230,58705,65771,7066
6000,148,2215,52734,59392,6658
6000,77,2201,55917,61164,5247
6000,47,2194,55033,68963,13930
6000,113,2195,46130,68032,21902
6000,184,2219,57204,62352,5148
6000,217,2205,57735,72617,14882
6000,137,2189,53805,79297,25492
6000,64,2242,53922,69755,15833
6000,98,2219,56580,68503,11923
6000,200,2212,58238,67792,9554
6000,23,2190,49128,87728,38600
6000,21,2214,67996,81413,13417
6000,129,2179,60719,68522,7803
6000,189,2203,55893,66714,10821
6000,69,2165,61616,75967,14351
6000,69,2162,53685,79578,25893
6000,156,2173,55869,73937,18068
6000,20,2179,43316,71676,28360
6000,117,2209,47641,64827,17186
7000,151,2579,75608,86193,10585
7000,28,2547,56590,74538,17948
7000,18,2614,63953,90106,26153
7000,52,2583,69559,71748,2189
7000,102,2557,56786,72981,16195
7000,139,2575,79511,83228,3717
7000,62,2568,78356,101799,23443
7000,77,2614,79417,83628,4211
7000,79,2563,66000,86447,20447
7000,133,2558,71186,85691,14505
7000,52,2565,61880,79797,17917
7000,249,2566,78172,90863,12691
7000,170,2545,56758,75456,18698
7000,72,2581,65911,88281,22370
7000,88,2569,64238,83215,18977
7000,54,2569,65138,86275,21137
7000,115,2616,70068,72645,2577
7000,36,2590,61275,80831,19556
7000,77,2514,62023,80447,18424
7000,83,2607,63663,71605,7942
7000,98,2563,87981,99417,11436
7000,44,2593,73504,88024,14520
7000,91,2584,64091,94876,30785
7000,114,2573,60494,88452,27958
7000,46,2564,65361,89712,24351
7000,28,2577,69726,94787,25061
7000,238,2582,61346,81891,20545
7000,77,2555,83207,86327,3120
7000,59,2572,77267,84310,7043
7000,69,2568,62583,90985,28402
7000,49,2601,61923,74497,12574
7000,139,2607,79572,95220,15648
7000,44,2545,79766,81001,1235
7000,40,2550,75556,103375,27819
7000,83,2576,55874,90243,34369
7000,42,2582,58985,92206,33221
7000,162,2575,64611,70269,5658
7000,106,2571,54704,73619,18915
7000,157,2528,56014,82096,26082
7000,96,2591,73663,75961,2298
7000,185,2599,66292,81867,15575
7000,94,2569,64499,83653,19154
7000,111,2575,79055,91480,12425
7000,39,2583,62081,72414,10333
7000,259,2525,61236,72260,11024
7000,47,2536,61881,92865,30984
7000,9,2585,56813,75730,18917
7000,120,2562,60743,77697,16954
7000,156,2614,57913,80068,22155
7000,89,2588,75244,82173,6929
8000,75,2945,72724,94939,22215
8000,154,2967,73466,89466,16000
8000,54,2955,72015,110652,38637
8000,165,2929,74983,96208,21225
8000,82,2905,78057,95691,17634
8000,32,2967,74216,115359,41143
8000,77,2917,83185,83765,580
8000,61,2970,70870,95340,24470
8000,141,2960,72243,99245,27002
8000,91,2930,88935,98831,9896
8000,166,2952,74107,92494,18387
8000,118,2929,75155,88404,13249
8000,19,2967,75877,101768,25891
8000,140,2933,94121,114515,20394
8000,54,2914,70133,94276,24143
8000,51,2927,106819,107402,583
8000,63,2963,72910,108066,35156
8000,42,2953,75516,113750,38234
8000,178,2926,73181,89018,15837
8000,160,2991,71957,97508,25551
8000,186,2934,73659,79967,6308
8000,80,2917,66450,87172,20722
8000,202,2993,82196,97384,15188
8000,100,2936,69818,85394,15576
8000,58,2986,71644,90518,18874
8000,39,2974,67973,101956,33983
8000,100,2905,71021,89824,18803
8000,189,2969,76951,96229,19278
8000,72,2917,70619,85067,14448
8000,20,2942,64683,97018,32335
8000,22,2960,63508,82307,18799
8000,150,2914,83878,108446,24568
8000,43,2938,68494,88246,19752
8000,219,2987,69432,94690,25258
8000,68,2917,75785,85811,10026
8000,90,2966,71376,90226,18850
8000,11,2953,82565,105441,22876
8000,82,2961,84508,99656,15148
8000,166,2877,104302,119372,15070
8000,90,2970,75453,100748,25295
8000,31,2931,71830,94174,22344
8000,137,2930,76572,92748,16176
8000,201,2932,90272,98195,7923
8000,116,2986,73753,79617,5864
8000,74,2879,99080,108931,9851
8000,181,2953,71058,100409,29351
8000,242,2900,71896,96527,24631
8000,197,2954,70311,109649,39338
8000,162,2921,70129,85323,15194
8000,24,2936,77203,95351,18148
9000,101,3278,94667,120113,25446
9000,165,3300,80545,115497,34952
9000,24,3345,86976,113882,26906
9000,114,3320,75991,96294,20303
9000,36,3295,87206,96918,9712
9000,328,3282,81068,111250,30182
9000,107,3310,93328,116546,23218
9000,59,3316,83997,96141,12144
9000,82,3286,84580,108279,23699
9000,120,3333,85762,92528,6766
9000,210,3370,85081,109975,24894
9000,42,3342,77817,141641,63824
9000,151,3287,75736,98928,23192
9000,25,3270,87178,115277,28099
9000,67,3320,85234,118524,33290
9000,15,3266,75726,117308,41582
9000,77,3349,92688,125585,32897
9000,206,3363,76680,134151,57471
9000,180,3283,88511,97665,9154
9000,67,3321,75821,100670,24849
9000,174,3372,103265,114702,11437
9000,127,3363,85497,106569,21072
9000,207,3329,81234,112873,31639
9000,207,3384,77540,102113,24573
9000,27,3335,69793,117779,47986
9000,109,3316,80597,126130,45533
9000,130,3298,89819,104221,14402
9000,101,3330,79884,132221,52337
9000,52,3287,86268,94981,8713
9000,122,3317,82358,108358,26000
9000,88,3306,89398,118554,29156
9000,130,3290,85528,105754,20226
9000,198,3266,74992,95148,20156
9000,104,3288,82192,93982,11790
9000,30,3284,79935,101997,22062
9000,139,3336,78183,111867,33684
9000,100,3316,75622,98951,23329
9000,53,3346,79097,113004,33907
9000,217,3295,77857,91917,14060
9000,125,3243,124843,143341,18498
9000,84,3298,73661,120227,46566
9000,94,3331,88807,97886,9079
9000,182,3298,85579,95367,9788
9000,17,3310,96754,109240,12486
9000,44,3346,86381,97982,11601
9000,193,3352,74470,98358,23888
9000,98,3278,84328,92681,8353
9000,103,3302,79759,106700,26941
9000,157,3324,71505,100309,28804
9000,104,3309,85651,98807,13156
10000,186,3695,101252,131912,30660
10000,80,3727,90708,151333,60625
10000,129,3650,105661,118355,12694
10000,132,3724,90156,108606,18450
10000,147,3662,90967,119809,28842
10000,131,3722,118149,120506,2357
10000,72,3658,103963,122716,18753
10000,135,3675,92638,143331,50693
10000,94,3683,110370,114634,4264
10000,139,3700,82682,121145,38463
10000,130,3705,93982,121381,27399
10000,208,3640,89882,114967,25085
10000,145,3639,103923,113917,9994
10000,157,3649,79096,104707,25611
10000,233,3693,99236,127726,28490
10000,97,3666,88747,104446,15699
10000,261,3672,105681,129375,23694
10000,215,3677,84053,124585,40532
10000,113,3721,99024,102309,3285
10000,234,3677,89032,130759,41727
10000,145,3697,95557,120423,24866
10000,198,3723,107686,123177,15491
10000,140,3723,103544,132651,29107
10000,145,3655,93961,123892,29931
10000,114,3674,109546,138335,28789
10000,47,3697,94500,122829,28329
10000,136,3675,109883,111267,1384
10000,157,3700,85065,121289,36224
10000,119,3724,104311,130850,26539
10000,161,3748,107125,155841,48716
10000,54,3704,97516,123083,25567
10000,112,3623,101163,113180,12017
10000,218,3677,101984,117249,15265
10000,38,3674,95071,113162,18091
10000,109,3720,96299,111715,15416
10000,97,3683,117174,117579,405
10000,177,3707,91254,113122,21868
10000,141,3709,83866,116540,32674
10000,68,3683,91640,113928,22288
10000,125,3707,107426,123741,16315
10000,96,3685,88228,123386,35158
10000,101,3725,89264,116507,27243
10000,81,3658,89186,118520,29334
10000,142,3658,145406,146202,796
10000,27,3691,88709,142814,54105
10000,50,3688,81529,103861,22332
10000,9,3690,78919,111651,32732
10000,103,3701,88088,145624,57536
10000,137,3688,95881,128103,32222
10000,135,3693,115518,124542,9024
