0.000044 1 1 0 B
0.014290 1 1 0 B
0.015337 1 1 1 B
0.017488 1 1 2 B
0.018569 1 1 4 B
0.019629 1 1 5 B
0.049840 1 1 6 B
0.050901 1 1 0 B
0.097502 1 1 0 B
0.098589 1 1 1 B
0.553720 1 1 2 B
0.554817 1 1 4 B
0.569941 1 1 5 B
0.591580 1 1 6 B
0.592650 1 1 0 B
0.632666 1 1 0 B
0.633725 1 1 1 B
1.009782 1 1 2 B
1.010851 1 1 4 B
1.045841 1 1 5 B
1.065244 1 1 6 B
1.066353 1 1 0 B
1.109898 1 1 0 B
1.110990 1 1 1 B
1.467686 1 1 2 B
1.468777 1 1 3 B
1.480709 1 1 4 B
1.533574 1 1 5 B
1.554339 1 1 6 B
1.555391 1 1 0 B
1.578365 1 1 0 B
1.579417 1 1 1 B
2.005833 1 1 2 B
2.006904 1 1 3 B
2.015590 1 1 4 B
2.051497 1 1 5 B
2.086093 1 1 6 B
2.087195 1 1 0 B
2.131579 1 1 0 B
2.132795 1 1 1 B
2.421019 1 1 2 B
2.422113 1 1 3 B
2.429729 1 1 4 B
2.481747 1 1 5 B
2.507876 1 1 6 B
2.508968 1 1 0 B
2.535287 1 1 0 B
2.536387 1 1 1 B
2.870492 1 1 2 B
2.871573 1 1 3 B
2.879261 1 1 4 B
2.901856 1 1 5 B
2.943016 1 1 6 B
2.944086 1 1 0 B
0.000044 4 4 0 E
0.018553 4 4 0 E
0.019662 4 4 1 E
0.080062 4 4 2 E
0.081156 4 4 3 E
0.089832 4 4 4 E
0.231133 4 4 5 E
0.244364 4 4 6 E
0.245494 4 4 0 E
0.284430 4 4 0 E
0.285575 4 4 1 E
0.551600 4 4 2 E
0.552658 4 4 3 E
0.554823 4 4 4 E
0.645578 4 4 5 E
0.679032 4 4 6 E
0.680128 4 4 0 E
0.699609 4 4 0 E
0.700690 4 4 1 E
0.994676 4 4 2 E
0.995781 4 4 3 E
1.010852 4 4 4 E
1.132772 4 4 5 E
1.180596 4 4 6 E
1.181672 4 4 0 E
1.204493 4 4 0 E
1.205567 4 4 1 E
1.475254 4 4 2 E
1.476350 4 4 3 E
1.481751 4 4 4 E
1.613925 4 4 5 E
1.651843 4 4 6 E
1.652892 4 4 0 E
1.699076 4 4 0 E
1.700157 4 4 1 E
2.007986 4 4 2 E
2.009080 4 4 3 E
2.015591 4 4 4 E
2.116492 4 4 5 E
2.141345 4 4 6 E
2.142426 4 4 0 E
2.184909 4 4 0 E
2.186918 4 4 1 E
2.417814 4 4 2 E
2.418900 4 4 3 E
2.430781 4 4 4 E
2.556877 4 4 5 E
2.575592 4 4 6 E
2.577601 4 4 0 E
2.594832 4 4 0 E
2.595940 4 4 1 E
2.875933 4 4 2 E
2.877036 4 4 3 E
2.879263 4 4 4 E
3.036244 4 4 5 E
3.071042 4 4 6 E
3.072112 4 4 0 E
0.000044 5 5 0 F
0.037983 5 5 0 F
0.039052 5 5 1 F
0.071453 5 5 2 F
0.072527 5 5 3 F
0.090926 5 5 4 F
0.246556 5 5 5 F
0.287800 5 5 6 F
0.288886 5 5 0 F
0.331155 5 5 0 F
0.332233 5 5 1 F
0.537483 5 5 2 F
0.538556 5 5 3 F
0.554818 5 5 4 F
0.681225 5 5 5 F
0.715842 5 5 6 F
0.716919 5 5 0 F
0.747149 5 5 0 F
0.748245 5 5 1 F
1.004388 5 5 2 F
1.005469 5 5 3 F
1.010852 5 5 4 F
1.182714 5 5 5 F
1.208756 5 5 6 F
1.209822 5 5 0 F
1.243394 5 5 0 F
1.244454 5 5 1 F
1.466646 5 5 2 F
1.467685 5 5 3 F
1.480709 5 5 4 F
1.652906 5 5 5 F
1.695796 5 5 6 F
1.696868 5 5 0 F
1.722701 5 5 0 F
1.723766 5 5 1 F
2.013596 5 5 2 F
2.014624 5 5 4 F
2.142446 5 5 5 F
2.186936 5 5 6 F
2.188004 5 5 0 F
2.225843 5 5 0 F
2.226946 5 5 1 F
2.415681 5 5 2 F
2.416704 5 5 3 F
2.430780 5 5 4 F
2.577602 5 5 5 F
2.621993 5 5 6 F
2.623070 5 5 0 F
2.644892 5 5 0 F
2.645960 5 5 1 F
2.863864 5 5 2 F
2.864930 5 5 3 F
2.879256 5 5 4 F
3.073198 5 5 5 F
3.091831 5 5 6 F
3.092886 5 5 0 F
0.000044 2 2 0 C
0.014263 2 2 0 C
0.015353 2 2 1 C
0.016411 2 2 2 C
0.017479 2 2 3 C
0.018576 2 2 4 C
0.050930 2 2 5 C
0.070373 2 2 6 C
0.071445 2 2 0 C
0.084486 2 2 0 C
0.085560 2 2 1 C
0.086639 2 2 2 C
0.087709 2 2 3 C
0.090923 2 2 4 C
0.142042 2 2 5 C
0.190846 2 2 6 C
0.191898 2 2 0 C
0.208288 2 2 0 C
0.209353 2 2 1 C
0.545013 2 2 2 C
0.546113 2 2 3 C
0.554821 2 2 4 C
0.593067 2 2 5 C
0.621945 2 2 6 C
0.623002 2 2 0 C
0.658491 2 2 0 C
0.659554 2 2 1 C
1.003318 2 2 2 C
1.004387 2 2 3 C
1.010851 2 2 4 C
1.067434 2 2 5 C
1.086043 2 2 6 C
1.087155 2 2 0 C
1.132814 2 2 0 C
1.133878 2 2 1 C
1.469857 2 2 2 C
1.470921 2 2 3 C
1.480710 2 2 4 C
1.555405 2 2 5 C
1.571749 2 2 6 C
1.572819 2 2 0 C
1.587182 2 2 0 C
1.588250 2 2 1 C
2.003684 2 2 2 C
2.004761 2 2 3 C
2.015595 2 2 4 C
2.087198 2 2 5 C
2.101448 2 2 6 C
2.102518 2 2 0 C
2.152205 2 2 0 C
2.153316 2 2 1 C
2.414502 2 2 2 C
2.415581 2 2 3 C
2.429728 2 2 4 C
2.508970 2 2 5 C
2.535287 2 2 6 C
2.536387 2 2 0 C
2.563405 2 2 0 C
2.564485 2 2 1 C
2.869409 2 2 2 C
2.870492 2 2 3 C
2.879260 2 2 4 C
2.944088 2 2 5 C
2.992871 2 2 6 C
2.993917 2 2 0 C
3.019995 2 2 0 C
3.021087 2 2 1 C
3.383773 2 2 2 C
3.384857 2 2 3 C
3.393504 2 2 4 C
3.443401 2 2 5 C
3.466034 2 2 6 C
3.467126 2 2 0 C
0.000044 3 3 0 D
0.047876 3 3 0 D
0.049839 3 3 1 D
0.083348 3 3 2 D
0.084462 3 3 3 D
0.090937 3 3 4 D
0.192975 3 3 5 D
0.230023 3 3 6 D
0.231126 3 3 0 D
0.248741 3 3 0 D
0.249805 3 3 1 D
0.546114 3 3 2 D
0.547214 3 3 3 D
0.554821 3 3 4 D
0.623003 3 3 5 D
0.644480 3 3 6 D
0.645575 3 3 0 D
0.674719 3 3 0 D
0.675800 3 3 1 D
0.996912 3 3 2 D
0.997943 3 3 3 D
1.011917 3 3 4 D
1.087168 3 3 5 D
1.130589 3 3 6 D
1.131683 3 3 0 D
1.153391 3 3 0 D
1.154465 3 3 1 D
1.464470 3 3 2 D
1.465531 3 3 3 D
1.480708 3 3 4 D
1.572823 3 3 5 D
1.612814 3 3 6 D
1.613910 3 3 0 D
1.647537 3 3 0 D
1.648587 3 3 1 D
2.004763 3 3 2 D
2.005833 3 3 3 D
2.015589 3 3 4 D
2.103599 3 3 5 D
2.115433 3 3 6 D
2.116490 3 3 0 D
2.165251 3 3 0 D
2.166352 3 3 1 D
2.428647 3 3 2 D
2.429715 3 3 4 D
2.537428 3 3 5 D
2.555810 3 3 6 D
2.556877 3 3 0 D
2.573182 3 3 0 D
2.574300 3 3 1 D
2.873815 3 3 2 D
2.874862 3 3 3 D
2.879262 3 3 4 D
2.994973 3 3 5 D
3.035116 3 3 6 D
3.036212 3 3 0 D
3.056917 3 3 0 D
3.057982 3 3 1 D
3.379481 3 3 2 D
3.380538 3 3 3 D
3.393532 3 3 4 D
3.467168 3 3 5 D
3.500843 3 3 6 D
3.502922 3 3 0 D
0.000043 0 0 0 A
0.026203 0 0 0 A
0.027256 0 0 1 A
0.085547 0 0 2 A
0.086628 0 0 3 A
0.090938 0 0 4 A
0.092044 0 0 5 A
0.140032 0 0 6 A
0.141086 0 0 0 A
0.190846 0 0 0 A
0.191917 0 0 1 A
0.550489 0 0 2 A
0.551572 0 0 3 A
0.555947 0 0 4 A
0.557010 0 0 5 A
0.568862 0 0 6 A
0.569924 0 0 0 A
0.602625 0 0 0 A
0.603683 0 0 1 A
1.006554 0 0 2 A
1.007630 0 0 3 A
1.011918 0 0 4 A
1.013013 0 0 5 A
1.043615 0 0 6 A
1.044778 0 0 0 A
1.070848 0 0 0 A
1.071938 0 0 1 A
1.463373 0 0 2 A
1.464470 0 0 3 A
1.480707 0 0 4 A
1.481788 0 0 5 A
1.531371 0 0 6 A
1.532451 0 0 0 A
1.577245 0 0 0 A
1.578366 0 0 1 A
1.998344 0 0 2 A
1.999521 0 0 3 A
2.015593 0 0 4 A
2.016734 0 0 5 A
2.050418 0 0 6 A
2.051497 0 0 0 A
2.076427 0 0 0 A
2.077510 0 0 1 A
2.424350 0 0 2 A
2.425434 0 0 3 A
2.429726 0 0 4 A
2.430793 0 0 5 A
2.480658 0 0 6 A
2.481746 0 0 0 A
2.512283 0 0 0 A
2.513503 0 0 1 A
2.867133 0 0 2 A
2.868323 0 0 3 A
2.879259 0 0 4 A
2.880292 0 0 5 A
2.899721 0 0 6 A
2.900789 0 0 0 A
2.922505 0 0 0 A
2.923587 0 0 1 A
3.390327 0 0 2 A
3.391381 0 0 3 A
3.393531 0 0 4 A
3.394637 0 0 5 A
3.441267 0 0 6 A
3.442434 0 0 0 A
3.468331 0 0 0 A
3.469446 0 0 1 A
3.833777 0 0 2 A
3.834860 0 0 3 A
3.843382 0 0 4 A
3.844448 0 0 5 A
3.864802 0 0 6 A
3.865873 0 0 0 A
3.894941 0 0 0 A
3.896019 0 0 1 A
4.152891 0 0 2 A
4.153978 0 0 3 A
4.161597 0 0 4 A
4.162659 0 0 5 A
4.179946 0 0 6 A
4.180990 0 0 0 A
0.000044 6 6 0 G
0.028375 6 6 0 G
0.029429 6 6 1 G
0.081177 6 6 2 G
0.082275 6 6 3 G
0.090925 6 6 4 G
0.288890 6 6 5 G
0.305147 6 6 6 G
0.306213 6 6 0 G
0.341906 6 6 0 G
0.342979 6 6 1 G
0.538557 6 6 2 G
0.539631 6 6 3 G
0.554818 6 6 4 G
0.717969 6 6 5 G
0.765654 6 6 6 G
0.766725 6 6 0 G
0.789548 6 6 0 G
0.790629 6 6 1 G
0.995782 6 6 2 G
0.996911 6 6 3 G
1.011917 6 6 4 G
1.209861 6 6 5 G
1.245509 6 6 6 G
1.246587 6 6 0 G
1.271425 6 6 0 G
1.272507 6 6 1 G
1.474159 6 6 2 G
1.475253 6 6 3 G
1.481750 6 6 4 G
1.696880 6 6 5 G
1.742183 6 6 6 G
1.743277 6 6 0 G
1.758401 6 6 0 G
1.759530 6 6 1 G
2.000600 6 6 2 G
2.002599 6 6 3 G
2.015594 6 6 4 G
2.188005 6 6 5 G
2.212911 6 6 6 G
2.213965 6 6 0 G
2.236697 6 6 0 G
2.237765 6 6 1 G
2.423190 6 6 2 G
2.424349 6 6 3 G
2.429730 6 6 4 G
2.624153 6 6 5 G
2.646990 6 6 6 G
2.648088 6 6 0 G
2.683890 6 6 0 G
2.684962 6 6 1 G
2.872648 6 6 2 G
2.873815 6 6 3 G
2.879261 6 6 4 G
3.092888 6 6 5 G
3.116700 6 6 6 G
3.117720 6 6 0 G
3.163059 6 6 0 G
3.164154 6 6 1 G
3.384875 6 6 2 G
3.385962 6 6 3 G
3.393529 6 6 4 G
3.503952 6 6 5 G
3.540915 6 6 6 G
3.541981 6 6 0 G
3.574617 6 6 0 G
3.575697 6 6 1 G
3.841319 6 6 2 G
3.842350 6 6 4 G
3.865888 6 6 5 G
3.906820 6 6 6 G
3.907915 6 6 0 G
3.924064 6 6 0 G
3.925140 6 6 1 G
4.156180 6 6 2 G
4.157276 6 6 3 G
4.161575 6 6 4 G
4.182066 6 6 5 G
4.222986 6 6 6 G
4.224080 6 6 0 G
0.000044 9 9 0 J
0.033861 9 9 0 J
0.034917 9 9 1 J
0.088761 9 9 2 J
0.089829 9 9 4 J
0.367171 9 9 5 J
0.380240 9 9 6 J
0.381350 9 9 0 J
0.415930 9 9 0 J
0.417023 9 9 1 J
0.542847 9 9 2 J
0.543916 9 9 3 J
0.554820 9 9 4 J
0.825331 9 9 5 J
0.874344 9 9 6 J
0.875425 9 9 0 J
0.924232 9 9 0 J
0.925263 9 9 1 J
0.999020 9 9 2 J
1.000155 9 9 3 J
1.010891 9 9 4 J
1.287671 9 9 5 J
1.336400 9 9 6 J
1.337497 9 9 0 J
1.365902 9 9 0 J
1.366968 9 9 1 J
1.465532 9 9 2 J
1.466645 9 9 3 J
1.480708 9 9 4 J
1.836056 9 9 5 J
1.874763 9 9 6 J
1.875828 9 9 0 J
1.909455 9 9 0 J
1.910559 9 9 1 J
2.010210 9 9 2 J
2.011321 9 9 3 J
2.015643 9 9 4 J
2.260429 9 9 5 J
2.285454 9 9 6 J
2.286541 9 9 0 J
2.314745 9 9 0 J
2.315789 9 9 1 J
2.426487 9 9 2 J
2.427567 9 9 3 J
2.430782 9 9 4 J
2.723966 9 9 5 J
2.763972 9 9 6 J
2.765064 9 9 0 J
2.815012 9 9 0 J
2.816087 9 9 1 J
2.864930 9 9 2 J
2.866030 9 9 3 J
2.879258 9 9 4 J
3.199938 9 9 5 J
3.237296 9 9 6 J
3.238333 9 9 0 J
3.281299 9 9 0 J
3.282347 9 9 1 J
3.380539 9 9 2 J
3.381674 9 9 3 J
3.393532 9 9 4 J
3.633036 9 9 5 J
3.662391 9 9 6 J
3.663467 9 9 0 J
3.684069 9 9 0 J
3.685170 9 9 1 J
3.829492 9 9 2 J
3.830557 9 9 3 J
3.843383 9 9 4 J
3.981158 9 9 5 J
4.018885 9 9 6 J
4.019980 9 9 0 J
4.045971 9 9 0 J
4.047085 9 9 1 J
4.148633 9 9 2 J
4.149688 9 9 3 J
4.161596 9 9 4 J
4.275576 9 9 5 J
4.300132 9 9 6 J
4.301224 9 9 0 J
0.000044 11 11 0 L
0.050011 11 11 0 L
0.051966 11 11 1 L
0.076824 11 11 2 L
0.077893 11 11 3 L
0.089830 11 11 4 L
0.407318 11 11 5 L
0.434341 11 11 6 L
0.435422 11 11 0 L
0.472274 11 11 0 L
0.473352 11 11 1 L
0.548325 11 11 2 L
0.549407 11 11 3 L
0.555946 11 11 4 L
0.928579 11 11 5 L
0.957833 11 11 6 L
0.958871 11 11 0 L
0.999101 11 11 0 L
1.000154 11 11 1 L
1.001229 11 11 2 L
1.002300 11 11 3 L
1.010890 11 11 4 L
1.380057 11 11 5 L
1.425507 11 11 6 L
1.426588 11 11 0 L
1.476352 11 11 0 L
1.477432 11 11 1 L
1.479593 11 11 2 L
1.480671 11 11 4 L
1.903944 11 11 5 L
1.937595 11 11 6 L
1.938679 11 11 0 L
1.979887 11 11 0 L
1.980950 11 11 1 L
2.002600 11 11 2 L
2.003683 11 11 3 L
2.015594 11 11 4 L
2.328777 11 11 5 L
2.366678 11 11 6 L
2.367748 11 11 0 L
2.385082 11 11 0 L
2.386161 11 11 1 L
2.412343 11 11 2 L
2.413421 11 11 3 L
2.429727 11 11 4 L
2.780254 11 11 5 L
2.806355 11 11 6 L
2.807435 11 11 0 L
2.824712 11 11 0 L
2.825808 11 11 1 L
2.861771 11 11 2 L
2.862795 11 11 3 L
2.879263 11 11 4 L
3.287779 11 11 5 L
3.308334 11 11 6 L
3.309347 11 11 0 L
3.326621 11 11 0 L
3.327750 11 11 1 L
3.389231 11 11 2 L
3.390327 11 11 3 L
3.393531 11 11 4 L
3.715659 11 11 5 L
3.739515 11 11 6 L
3.740595 11 11 0 L
3.760037 11 11 0 L
3.761133 11 11 1 L
3.840228 11 11 2 L
3.841292 11 11 3 L
3.843382 11 11 4 L
4.045971 11 11 5 L
4.059996 11 11 6 L
4.061096 11 11 0 L
4.104448 11 11 0 L
4.105524 11 11 1 L
4.157327 11 11 2 L
4.158378 11 11 3 L
4.161597 11 11 4 L
4.333699 11 11 5 L
4.364892 11 11 6 L
4.365962 11 11 0 L
0.000044 10 10 0 K
0.050013 10 10 0 K
0.051966 10 10 1 K
0.077894 10 10 2 K
0.078966 10 10 3 K
0.089831 10 10 4 K
0.381351 10 10 5 K
0.406227 10 10 6 K
0.407301 10 10 0 K
0.439769 10 10 0 K
0.440856 10 10 1 K
0.543916 10 10 2 K
0.545011 10 10 3 K
0.554820 10 10 4 K
0.876506 10 10 5 K
0.927510 10 10 6 K
0.928577 10 10 0 K
0.975106 10 10 0 K
0.976184 10 10 1 K
1.000156 10 10 2 K
1.001227 10 10 3 K
1.010888 10 10 4 K
1.338581 10 10 5 K
1.378959 10 10 6 K
1.380057 10 10 0 K
1.391991 10 10 0 K
1.393064 10 10 1 K
1.473065 10 10 2 K
1.474159 10 10 3 K
1.481750 10 10 4 K
1.876893 10 10 5 K
1.901807 10 10 6 K
1.902878 10 10 0 K
1.924661 10 10 0 K
1.925722 10 10 1 K
2.012352 10 10 2 K
2.013430 10 10 3 K
2.015592 10 10 4 K
2.286542 10 10 5 K
2.326658 10 10 6 K
2.327720 10 10 0 K
2.373225 10 10 0 K
2.374316 10 10 1 K
2.427567 10 10 2 K
2.428646 10 10 3 K
2.430782 10 10 4 K
2.765064 10 10 5 K
2.778096 10 10 6 K
2.779193 10 10 0 K
2.793433 10 10 0 K
2.794446 10 10 1 K
2.866031 10 10 2 K
2.867132 10 10 3 K
2.879258 10 10 4 K
3.238338 10 10 5 K
3.286721 10 10 6 K
3.287777 10 10 0 K
3.327749 10 10 0 K
3.328785 10 10 1 K
3.385963 10 10 2 K
3.387028 10 10 3 K
3.393529 10 10 4 K
3.663494 10 10 5 K
3.714559 10 10 6 K
3.715634 10 10 0 K
3.757841 10 10 0 K
3.758908 10 10 1 K
3.831617 10 10 2 K
3.832742 10 10 3 K
3.843402 10 10 4 K
4.021036 10 10 5 K
4.044849 10 10 6 K
4.045957 10 10 0 K
4.093629 10 10 0 K
4.094705 10 10 1 K
4.151803 10 10 2 K
4.152873 10 10 3 K
4.161576 10 10 4 K
4.301237 10 10 5 K
4.331589 10 10 6 K
4.332646 10 10 0 K
4.355238 10 10 0 K
4.356349 10 10 1 K
4.459823 10 10 2 K
4.460887 10 10 3 K
4.465203 10 10 4 K
4.543765 10 10 5 K
4.592494 10 10 6 K
4.593590 10 10 0 K
0.000045 12 12 0 M
0.047883 12 12 0 M
0.049862 12 12 1 M
0.074685 12 12 2 M
0.075777 12 12 3 M
0.090925 12 12 4 M
0.435425 12 12 5 M
0.462503 12 12 6 M
0.463586 12 12 0 M
0.505085 12 12 0 M
0.506144 12 12 1 M
0.540794 12 12 2 M
0.542847 12 12 3 M
0.554819 12 12 4 M
0.959921 12 12 5 M
0.977254 12 12 6 M
0.978356 12 12 0 M
1.021861 12 12 0 M
1.022903 12 12 1 M
1.477434 12 12 2 M
1.478514 12 12 3 M
1.481749 12 12 4 M
1.938681 12 12 5 M
1.980955 12 12 6 M
1.982020 12 12 0 M
2.027742 12 12 0 M
2.028779 12 12 1 M
2.422113 12 12 2 M
2.423188 12 12 3 M
2.429729 12 12 4 M
2.807438 12 12 5 M
2.838784 12 12 6 M
2.839887 12 12 0 M
2.879274 12 12 0 M
2.880331 12 12 1 M
3.388138 12 12 2 M
3.389230 12 12 3 M
3.393530 12 12 4 M
3.740597 12 12 5 M
3.782698 12 12 6 M
3.783769 12 12 0 M
3.797487 12 12 0 M
3.798561 12 12 1 M
3.835936 12 12 2 M
3.837007 12 12 3 M
3.843383 12 12 4 M
4.061096 12 12 5 M
4.109854 12 12 6 M
4.110919 12 12 0 M
4.156220 12 12 0 M
4.157326 12 12 1 M
4.158381 12 12 2 M
4.159446 12 12 3 M
4.161596 12 12 4 M
4.365962 12 12 5 M
4.414564 12 12 6 M
4.415626 12 12 0 M
4.435028 12 12 0 M
4.436079 12 12 1 M
4.457705 12 12 2 M
4.458773 12 12 3 M
4.464170 12 12 4 M
4.593591 12 12 5 M
4.628289 12 12 6 M
4.629318 12 12 0 M
0.000044 7 7 0 H
0.023061 7 7 0 H
0.025087 7 7 1 H
0.073601 7 7 2 H
0.074684 7 7 3 H
0.090924 7 7 4 H
0.306215 7 7 5 H
0.319125 7 7 6 H
0.320380 7 7 0 H
0.361746 7 7 0 H
0.362817 7 7 1 H
0.539631 7 7 2 H
0.540794 7 7 3 H
0.554819 7 7 4 H
0.766729 7 7 5 H
0.799382 7 7 6 H
0.800490 7 7 0 H
0.846134 7 7 0 H
0.847187 7 7 1 H
1.008713 7 7 2 H
1.009782 7 7 3 H
1.011919 7 7 4 H
1.246614 7 7 5 H
1.269292 7 7 6 H
1.270384 7 7 0 H
1.282272 7 7 0 H
1.283365 7 7 1 H
1.476353 7 7 2 H
1.477433 7 7 3 H
1.481749 7 7 4 H
1.743294 7 7 5 H
1.792872 7 7 6 H
1.793935 7 7 0 H
1.836020 7 7 0 H
1.837111 7 7 1 H
2.009081 7 7 2 H
2.010181 7 7 3 H
2.015592 7 7 4 H
2.213967 7 7 5 H
2.226933 7 7 6 H
2.228029 7 7 0 H
2.272320 7 7 0 H
2.273402 7 7 1 H
2.419924 7 7 2 H
2.421017 7 7 3 H
2.429727 7 7 4 H
2.649185 7 7 5 H
2.689372 7 7 6 H
2.690464 7 7 0 H
2.728372 7 7 0 H
2.729462 7 7 1 H
2.862795 7 7 2 H
2.863864 7 7 3 H
2.879264 7 7 4 H
3.118778 7 7 5 H
3.149084 7 7 6 H
3.150195 7 7 0 H
3.176050 7 7 0 H
3.177126 7 7 1 H
3.381675 7 7 2 H
3.382750 7 7 3 H
3.393527 7 7 4 H
3.541982 7 7 5 H
3.587585 7 7 6 H
3.588667 7 7 0 H
3.608130 7 7 0 H
3.609225 7 7 1 H
3.834861 7 7 2 H
3.835936 7 7 3 H
3.843383 7 7 4 H
3.908953 7 7 5 H
3.943473 7 7 6 H
3.944553 7 7 0 H
3.974768 7 7 0 H
3.975786 7 7 1 H
4.153979 7 7 2 H
4.155067 7 7 3 H
4.161594 7 7 4 H
4.224098 7 7 5 H
4.259561 7 7 6 H
4.260615 7 7 0 H
4.278799 7 7 0 H
4.279866 7 7 1 H
4.460899 7 7 2 H
4.461961 7 7 3 H
4.464171 7 7 4 H
4.465240 7 7 5 H
4.493076 7 7 6 H
4.494171 7 7 0 H
4.507170 7 7 0 H
4.508248 7 7 1 H
4.676934 7 7 2 H
4.678024 7 7 3 H
4.682321 7 7 4 H
4.683389 7 7 5 H
4.695162 7 7 6 H
4.696226 7 7 0 H
0.000044 8 8 0 I
0.040250 8 8 0 I
0.041314 8 8 1 I
0.072536 8 8 2 I
0.073599 8 8 3 I
0.090926 8 8 4 I
0.320381 8 8 5 I
0.366057 8 8 6 I
0.367159 8 8 0 I
0.414832 8 8 0 I
0.415931 8 8 1 I
0.547215 8 8 2 I
0.548324 8 8 3 I
0.554822 8 8 4 I
0.800492 8 8 5 I
0.823330 8 8 6 I
0.824415 8 8 0 I
0.841711 8 8 0 I
0.842778 8 8 1 I
1.007631 8 8 2 I
1.008712 8 8 3 I
1.011919 8 8 4 I
1.270386 8 8 5 I
1.286584 8 8 6 I
1.287656 8 8 0 I
1.320062 8 8 0 I
1.321161 8 8 1 I
1.468778 8 8 2 I
1.469856 8 8 3 I
1.480710 8 8 4 I
1.794980 8 8 5 I
1.834893 8 8 6 I
1.836021 8 8 0 I
1.886741 8 8 0 I
1.887804 8 8 1 I
1.999521 8 8 2 I
2.000600 8 8 3 I
2.015593 8 8 4 I
2.228030 8 8 5 I
2.259323 8 8 6 I
2.260390 8 8 0 I
2.297325 8 8 0 I
2.298404 8 8 1 I
2.413421 8 8 2 I
2.414501 8 8 3 I
2.429728 8 8 4 I
2.690465 8 8 5 I
2.721876 8 8 6 I
2.722940 8 8 0 I
2.742473 8 8 0 I
2.743548 8 8 1 I
2.868324 8 8 2 I
2.869408 8 8 3 I
2.879260 8 8 4 I
3.150196 8 8 5 I
3.198846 8 8 6 I
3.199937 8 8 0 I
3.213316 8 8 0 I
3.214839 8 8 1 I
3.392428 8 8 2 I
3.393502 8 8 4 I
3.589736 8 8 5 I
3.631950 8 8 6 I
3.633018 8 8 0 I
3.657968 8 8 0 I
3.659062 8 8 1 I
3.837034 8 8 2 I
3.838098 8 8 3 I
3.843403 8 8 4 I
3.944566 8 8 5 I
3.980058 8 8 6 I
3.981141 8 8 0 I
4.009164 8 8 0 I
4.010257 8 8 1 I
4.150738 8 8 2 I
4.151803 8 8 3 I
4.161576 8 8 4 I
4.261675 8 8 5 I
4.273455 8 8 6 I
4.274516 8 8 0 I
4.316446 8 8 0 I
4.317521 8 8 1 I
4.463041 8 8 2 I
4.464136 8 8 4 I
4.494206 8 8 5 I
4.542701 8 8 6 I
4.543764 8 8 0 I
4.566637 8 8 0 I
4.567706 8 8 1 I
4.678025 8 8 2 I
4.679118 8 8 3 I
4.682322 8 8 4 I
4.696265 8 8 5 I
4.739476 8 8 6 I
4.740552 8 8 0 I
0.000045 13 13 0 N
0.028386 13 13 0 N
0.029400 13 13 1 N
0.084463 13 13 2 N
0.085545 13 13 3 N
0.090938 13 13 4 N
0.463590 13 13 5 N
0.498414 13 13 6 N
0.499470 13 13 0 N
0.525578 13 13 0 N
0.526651 13 13 1 N
0.549408 13 13 2 N
0.550489 13 13 3 N
0.555947 13 13 4 N
0.978374 13 13 5 N
0.993506 13 13 6 N
0.994665 13 13 0 N
1.038154 13 13 0 N
1.039254 13 13 1 N
1.470922 13 13 2 N
1.472011 13 13 3 N
1.480706 13 13 4 N
1.983098 13 13 5 N
1.997249 13 13 6 N
1.998343 13 13 0 N
2.047106 13 13 0 N
2.048228 13 13 1 N
2.416705 13 13 2 N
2.417813 13 13 3 N
2.430781 13 13 4 N
2.839903 13 13 5 N
2.860713 13 13 6 N
2.861761 13 13 0 N
2.873772 13 13 0 N
2.874845 13 13 1 N
2.878064 13 13 2 N
2.879214 13 13 4 N
3.310438 13 13 5 N
3.353593 13 13 6 N
3.354668 13 13 0 N
3.381672 13 13 0 N
3.382748 13 13 1 N
3.387029 13 13 2 N
3.388137 13 13 3 N
3.393530 13 13 4 N
3.784807 13 13 5 N
3.828407 13 13 6 N
3.829491 13 13 0 N
3.874510 13 13 0 N
3.875574 13 13 1 N
4.160501 13 13 2 N
4.161573 13 13 4 N
4.415628 13 13 5 N
4.455568 13 13 6 N
4.456645 13 13 0 N
4.504936 13 13 0 N
4.506030 13 13 1 N
4.680212 13 13 2 N
4.681282 13 13 4 N
4.740570 13 13 5 N
4.790214 13 13 6 N
4.791323 13 13 0 N
4.837506 13 13 0 N
4.838582 13 13 1 N
4.839658 13 13 2 N
4.840723 13 13 4 N
4.841786 13 13 5 N
4.884728 13 13 6 N
4.885810 13 13 0 N
4.908422 13 13 0 N
4.909498 13 13 1 N
4.917126 13 13 2 N
4.918237 13 13 4 N
4.919338 13 13 5 N
4.961196 13 13 6 N
4.962290 13 13 0 N
4.993963 13 13 0 N
4.995055 13 13 1 N
4.996149 13 13 2 N
4.997243 13 13 4 N
4.998340 13 13 5 N
5.011601 13 13 6 N
5.012677 13 13 0 N
5.055780 13 13 0 N
5.056845 13 13 1 N
5.057909 13 13 2 N
5.058976 13 13 4 N
5.060066 13 13 5 N
5.088653 13 13 6 N
5.089719 13 13 0 N
0.000045 14 14 0 O
0.020790 14 14 0 O
0.021826 14 14 1 O
0.078966 14 14 2 O
0.080061 14 14 3 O
0.089832 14 14 4 O
0.499475 14 14 5 O
0.536406 14 14 6 O
0.537481 14 14 0 O
0.583957 14 14 0 O
0.585017 14 14 1 O
1.005471 14 14 2 O
1.006553 14 14 3 O
1.011918 14 14 4 O
1.426605 14 14 5 O
1.462331 14 14 6 O
1.463371 14 14 0 O
1.511982 14 14 0 O
1.513055 14 14 1 O
2.006904 14 14 2 O
2.007986 14 14 3 O
2.015591 14 14 4 O
2.368822 14 14 5 O
2.411132 14 14 6 O
2.412342 14 14 0 O
2.456836 14 14 0 O
2.457904 14 14 1 O
2.874863 14 14 2 O
2.875933 14 14 3 O
2.879262 14 14 4 O
3.354669 14 14 5 O
3.378369 14 14 6 O
3.379464 14 14 0 O
3.405570 14 14 0 O
3.406638 14 14 1 O
3.839162 14 14 2 O
3.840227 14 14 3 O
3.843381 14 14 4 O
4.111992 14 14 5 O
4.147492 14 14 6 O
4.148632 14 14 0 O
4.192924 14 14 0 O
4.193989 14 14 1 O
4.456646 14 14 2 O
4.457705 14 14 3 O
4.464169 14 14 4 O
4.629319 14 14 5 O
4.675869 14 14 6 O
4.676933 14 14 0 O
4.725355 14 14 0 O
4.726452 14 14 1 O
4.792416 14 14 2 O
4.793490 14 14 4 O
4.794565 14 14 5 O
4.809807 14 14 6 O
4.810871 14 14 0 O
4.861001 14 14 0 O
4.862098 14 14 1 O
4.885810 14 14 2 O
4.886873 14 14 4 O
4.887937 14 14 5 O
4.916019 14 14 6 O
4.917108 14 14 0 O
4.953624 14 14 0 O
4.954701 14 14 1 O
4.962328 14 14 2 O
4.963396 14 14 4 O
4.964491 14 14 5 O
4.991775 14 14 6 O
4.992840 14 14 0 O
5.019901 14 14 0 O
5.020968 14 14 1 O
5.022064 14 14 2 O
5.023159 14 14 4 O
5.024257 14 14 5 O
5.041416 14 14 6 O
5.042491 14 14 0 O
5.090797 14 14 0 O
5.091866 14 14 1 O
5.092930 14 14 2 O
5.093994 14 14 4 O
5.095088 14 14 5 O
5.146348 14 14 6 O
5.147455 14 14 0 O
-1 15 15 7 LOCAL_SECTION;ENTRY_PROTOCOL1;ENTRY_PROTOCOL2;ENTRY_PROTOCOL3;ENTRY_PROTOCOL4;CRITICAL_SECTION;EXIT_PROTOCOL;