 0.000380700  0  0  0  A
 0.023019018  0  0  1  A
 0.023021392  0  0  2  A
 0.045605809  0  0  3  A
 0.045607853  0  0  0  A
 0.055974091  0  0  1  A
 0.065754102  0  0  2  A
 0.085563475  0  0  3  A
 0.085566099  0  0  0  A
 0.134961329  0  0  1  A
 0.134963984  0  0  2  A
 0.164837094  0  0  3  A
 0.164839639  0  0  0  A
 0.186319959  0  0  1  A
 0.206741739  0  0  2  A
 0.236084195  0  0  3  A
 0.236086630  0  0  0  A
 0.257257436  0  0  1  A
 0.259390586  0  0  2  A
 0.304888732  0  0  3  A
 0.304891337  0  0  0  A
 0.339857800  0  0  1  A
 0.352261509  0  0  2  A
 0.377886943  0  0  3  A
 0.377889628  0  0  0  A
 0.421418672  0  0  1  A
 0.421421217  0  0  2  A
 0.447623951  0  0  3  A
 0.447626446  0  0  0  A
 0.475835219  0  0  1  A
 0.493055510  0  0  2  A
 0.535246497  0  0  3  A
 0.535249192  0  0  0  A
 0.574195254  0  0  1  A
 0.574198039  0  0  2  A
 0.613124377  0  0  3  A
 0.613127143  0  0  0  A
 0.623218592  0  0  1  A
 0.635376547  0  0  2  A
 0.678765908  0  0  3  A
 0.678769284  0  0  0  A
 0.711029243  0  0  1  A
 0.711031698  0  0  2  A
 0.749858097  0  0  3  A
 0.749860502  0  0  0  A
 0.794550159  0  0  1  A
 0.798810379  0  0  2  A
 0.828525991  0  0  3  A
 0.828528716  0  0  0  A
 0.861200405  0  0  1  A
 0.880098245  0  0  2  A
 0.926896717  0  0  3  A
 0.926899302  0  0  0  A
 0.000406959  1  1  0  B
 0.025308264  1  1  1  B
 0.045622120  1  1  2  B
 0.065582318  1  1  3  B
 0.065584422  1  1  0  B
 0.085147158  1  1  1  B
 0.086228752  1  1  2  B
 0.128153024  1  1  3  B
 0.128155949  1  1  0  B
 0.144228221  1  1  1  B
 0.164924379  1  1  2  B
 0.206269517  1  1  3  B
 0.206272021  1  1  0  B
 0.245026894  1  1  1  B
 0.245029499  1  1  2  B
 0.258895491  1  1  3  B
 0.258897996  1  1  0  B
 0.288572340  1  1  1  B
 0.305754047  1  1  2  B
 0.352121124  1  1  3  B
 0.352123668  1  1  0  B
 0.371044793  1  1  1  B
 0.378628845  1  1  2  B
 0.412048376  1  1  3  B
 0.412050690  1  1  0  B
 0.434485354  1  1  1  B
 0.448463488  1  1  2  B
 0.492952205  1  1  3  B
 0.492954800  1  1  0  B
 0.515389214  1  1  1  B
 0.535826333  1  1  2  B
 0.573412615  1  1  3  B
 0.573415039  1  1  0  B
 0.598216156  1  1  1  B
 0.613333994  1  1  2  B
 0.634914574  1  1  3  B
 0.634917710  1  1  0  B
 0.664958968  1  1  1  B
 0.678926812  1  1  2  B
 0.705408874  1  1  3  B
 0.705410216  1  1  0  B
 0.726258161  1  1  1  B
 0.749903663  1  1  2  B
 0.797798828  1  1  3  B
 0.797801362  1  1  0  B
 0.845158461  1  1  1  B
 0.845161326  1  1  2  B
 0.879714460  1  1  3  B
 0.879717255  1  1  0  B
 0.919825806  1  1  1  B
 0.927406450  1  1  2  B
 0.961632395  1  1  3  B
 0.961634779  1  1  0  B
 1.006407385  1  1  1  B
 1.006409909  1  1  2  B
 1.030035583  1  1  3  B
 1.030038228  1  1  0  B
 1.052832862  1  1  1  B
 1.052835137  1  1  2  B
 1.078779402  1  1  3  B
 1.078780625  1  1  0  B
 1.101814309  1  1  1  B
 1.101816843  1  1  2  B
 1.133614761  1  1  3  B
 1.133617577  1  1  0  B
 1.152675430  1  1  1  B
 1.152678055  1  1  2  B
 1.169354638  1  1  3  B
 1.169357213  1  1  0  B
-1  2  2  4 LOCAL_SECTION;ENTRY_PROTOCOL;CRITICAL_SECTION;EXIT_PROTOCOL;EXTRA_LABEL;
