 0.001683381  3  3  0  D
 0.041829538  3  3  1  D
 0.054727551  3  3  2  D
 0.054728212  3  3  3  D
 0.058720184  3  3  4  D
 0.142719888  3  3  5  D
 0.183718711  3  3  6  D
 0.183718992  3  3  0  D
 0.215663677  3  3  1  D
 0.516719511  3  3  2  D
 0.516719992  3  3  3  D
 0.519719507  3  3  4  D
 0.591729984  3  3  5  D
 0.622726918  3  3  6  D
 0.622727960  3  3  0  D
 0.636952236  3  3  1  D
 0.908722617  3  3  2  D
 0.908722998  3  3  3  D
 0.911719136  3  3  4  D
 1.013727578  3  3  5  D
 1.025783976  3  3  6  D
 1.025784868  3  3  0  D
 1.051687255  3  3  1  D
 1.264862571  3  3  2  D
 1.264862841  3  3  3  D
 1.272719288  3  3  4  D
 1.354721890  3  3  5  D
 1.374721568  3  3  6  D
 1.374721858  3  3  0  D
 1.406171249  3  3  1  D
 1.697720044  3  3  2  D
 1.697720355  3  3  4  D
 1.808722330  3  3  5  D
 1.849722371  3  3  6  D
 1.849722712  3  3  0  D
 1.886723868  3  3  1  D
 2.198718820  3  3  2  D
 2.198719021  3  3  4  D
 2.269793521  3  3  5  D
 2.302718717  3  3  6  D
 2.302718908  3  3  0  D
 2.345781931  3  3  1  D
 2.632722598  3  3  2  D
 2.632722898  3  3  3  D
 2.634719065  3  3  4  D
 2.694722376  3  3  5  D
 2.713611578  3  3  6  D
 2.713611788  3  3  0  D
 0.001741399  5  5  0  F
 0.041803148  5  5  1  F
 0.054728883  5  5  2  F
 0.054729344  5  5  3  F
 0.058720214  5  5  4  F
 0.209721764  5  5  5  F
 0.244721378  5  5  6  F
 0.244721578  5  5  0  F
 0.293980263  5  5  1  F
 0.516719481  5  5  2  F
 0.516720002  5  5  3  F
 0.519719377  5  5  4  F
 0.647719392  5  5  5  F
 0.675729725  5  5  6  F
 0.675730937  5  5  0  F
 0.721377483  5  5  1  F
 0.911718625  5  5  2  F
 0.911718886  5  5  4  F
 1.055720344  5  5  5  F
 1.079635652  5  5  6  F
 1.079635972  5  5  0  F
 1.093945759  5  5  1  F
 1.264798581  5  5  2  F
 1.264799112  5  5  3  F
 1.272719378  5  5  4  F
 1.398721724  5  5  5  F
 1.439720080  5  5  6  F
 1.439720231  5  5  0  F
 1.457527255  5  5  1  F
 1.696721705  5  5  2  F
 1.696722126  5  5  3  F
 1.697720645  5  5  4  F
 1.877719161  5  5  5  F
 1.915331782  5  5  6  F
 1.915331972  5  5  0  F
 1.931017205  5  5  1  F
 2.197722796  5  5  2  F
 2.197723096  5  5  3  F
 2.199734992  5  5  4  F
 2.334769947  5  5  5  F
 2.376717993  5  5  6  F
 2.376718134  5  5  0  F
 2.393117002  5  5  1  F
 2.632722478  5  5  2  F
 2.632722578  5  5  3  F
 2.634719436  5  5  4  F
 2.725732649  5  5  5  F
 2.769722251  5  5  6  F
 2.769722411  5  5  0  F
 0.001833171  9  9  0  J
 0.028899084  9  9  1  J
 0.054726950  9  9  2  J
 0.054727330  9  9  3  J
 0.058719783  9  9  4  J
 0.360722704  9  9  5  J
 0.387721310  9  9  6  J
 0.387721561  9  9  0  J
 0.436519313  9  9  1  J
 0.516719711  9  9  2  J
 0.516720373  9  9  3  J
 0.519719357  9  9  4  J
 0.784725275  9  9  5  J
 0.826724073  9  9  6  J
 0.826724334  9  9  0  J
 0.846850949  9  9  1  J
 0.908721585  9  9  2  J
 0.908722317  9  9  3  J
 0.911719247  9  9  4  J
 1.148903455  9  9  5  J
 1.199719028  9  9  6  J
 1.199719338  9  9  0  J
 1.240890567  9  9  1  J
 1.264798691  9  9  2  J
 1.264798872  9  9  3  J
 1.274959391  9  9  4  J
 1.522721899  9  9  5  J
 1.561721987  9  9  6  J
 1.561722338  9  9  0  J
 1.605014670  9  9  1  J
 1.696721335  9  9  2  J
 1.696721665  9  9  3  J
 1.697720575  9  9  4  J
 2.009721879  9  9  5  J
 2.027721154  9  9  6  J
 2.027721324  9  9  0  J
 2.041112713  9  9  1  J
 2.197722786  9  9  2  J
 2.197722996  9  9  3  J
 2.198719291  9  9  4  J
 2.478721958  9  9  5  J
 2.514722383  9  9  6  J
 2.514722584  9  9  0  J
 2.546834159  9  9  1  J
 2.632721977  9  9  2  J
 2.632722247  9  9  3  J
 2.634718975  9  9  4  J
 2.885851012  9  9  5  J
 2.910719057  9  9  6  J
 2.910719247  9  9  0  J
 0.001787135  7  7  0  H
 0.051726042  7  7  1  H
 0.054732981  7  7  2  H
 0.054733201  7  7  3  H
 0.061733855  7  7  4  H
 0.285852058  7  7  5  H
 0.324718409  7  7  6  H
 0.324718620  7  7  0  H
 0.340791776  7  7  1  H
 0.516724711  7  7  2  H
 0.516724931  7  7  3  H
 0.519719337  7  7  4  H
 0.713723636  7  7  5  H
 0.732722480  7  7  6  H
 0.732722711  7  7  0  H
 0.775723705  7  7  1  H
 0.908721515  7  7  2  H
 0.908721786  7  7  3  H
 0.911719096  7  7  4  H
 1.117722637  7  7  5  H
 1.134719284  7  7  6  H
 1.134719434  7  7  0  H
 1.152202000  7  7  1  H
 1.264798461  7  7  2  H
 1.264798792  7  7  3  H
 1.272719559  7  7  4  H
 1.473719257  7  7  5  H
 1.492450922  7  7  6  H
 1.492451153  7  7  0  H
 1.515286270  7  7  1  H
 1.696726424  7  7  2  H
 1.696726625  7  7  3  H
 1.697720585  7  7  4  H
 1.958722449  7  7  5  H
 1.978718902  7  7  6  H
 1.978719102  7  7  0  H
 2.013296260  7  7  1  H
 2.197722956  7  7  2  H
 2.197723597  7  7  3  H
 2.198719552  7  7  4  H
 2.421722201  7  7  5  H
 2.434609386  7  7  6  H
 2.434609536  7  7  0  H
 2.453718920  7  7  1  H
 2.632721977  7  7  2  H
 2.632722277  7  7  3  H
 2.634718945  7  7  4  H
 2.808721370  7  7  5  H
 2.853955922  7  7  6  H
 2.853956794  7  7  0  H
 2.883719331  7  7  1  H
 3.048657978  7  7  2  H
 3.048658118  7  7  3  H
 3.048659040  7  7  4  H
 3.214069971  7  7  5  H
 3.249771266  7  7  6  H
 3.249771517  7  7  0  H
 0.001809888  8  8  0  I
 0.035789351  8  8  1  I
 0.054727491  8  8  2  I
 0.054728192  8  8  3  I
 0.058719854  8  8  4  I
 0.324719241  8  8  5  I
 0.360721702  8  8  6  I
 0.360722062  8  8  0  I
 0.387253224  8  8  1  I
 0.516719391  8  8  2  I
 0.516720182  8  8  3  I
 0.519719337  8  8  4  I
 0.732723322  8  8  5  I
 0.784723992  8  8  6  I
 0.784724624  8  8  0  I
 0.817682698  8  8  1  I
 0.908722858  8  8  2  I
 0.908723229  8  8  3  I
 0.911719086  8  8  4  I
 1.134719975  8  8  5  I
 1.148902684  8  8  6  I
 1.148902844  8  8  0  I
 1.166718524  8  8  1  I
 1.264814771  8  8  2  I
 1.264815032  8  8  3  I
 1.272719398  8  8  4  I
 1.492451543  8  8  5  I
 1.522721188  8  8  6  I
 1.522721368  8  8  0  I
 1.545883327  8  8  1  I
 1.696721685  8  8  2  I
 1.696721956  8  8  3  I
 1.697720655  8  8  4  I
 1.978719713  8  8  5  I
 2.009721138  8  8  6  I
 2.009721549  8  8  0  I
 2.030791722  8  8  1  I
 2.197722806  8  8  2  I
 2.197723307  8  8  3  I
 2.198719241  8  8  4  I
 2.434610047  8  8  5  I
 2.478721427  8  8  6  I
 2.478721577  8  8  0  I
 2.501482477  8  8  1  I
 2.632722558  8  8  2  I
 2.632722888  8  8  3  I
 2.634719015  8  8  4  I
 2.853958387  8  8  5  I
 2.885850060  8  8  6  I
 2.885850431  8  8  0  I
 2.925970318  8  8  1  I
 3.048657928  8  8  2  I
 3.048658289  8  8  3  I
 3.048658970  8  8  4  I
 3.249771927  8  8  5  I
 3.279808448  8  8  6  I
 3.279808658  8  8  0  I
 0.001639078  1  1  0  B
 0.040739968  1  1  1  B
 0.054726789  1  1  2  B
 0.054727130  1  1  3  B
 0.058906523  1  1  4  B
 0.073894799  1  1  5  B
 0.112720644  1  1  6  B
 0.112720895  1  1  0  B
 0.127035199  1  1  1  B
 0.516719671  1  1  2  B
 0.516720052  1  1  3  B
 0.519719417  1  1  4  B
 0.543721406  1  1  5  B
 0.561720359  1  1  6  B
 0.561720529  1  1  0  B
 0.608165991  1  1  1  B
 0.908721335  1  1  2  B
 0.908721636  1  1  3  B
 0.911719597  1  1  4  B
 0.944721995  1  1  5  B
 0.983720447  1  1  6  B
 0.983720637  1  1  0  B
 1.009500495  1  1  1  B
 1.264798451  1  1  2  B
 1.264798772  1  1  3  B
 1.272719879  1  1  4  B
 1.304721213  1  1  5  B
 1.318718174  1  1  6  B
 1.318718364  1  1  0  B
 1.359516475  1  1  1  B
 1.696721655  1  1  2  B
 1.696722086  1  1  3  B
 1.697720816  1  1  4  B
 1.732368987  1  1  5  B
 1.764722903  1  1  6  B
 1.764723204  1  1  0  B
 1.796807606  1  1  1  B
 2.197728456  1  1  2  B
 2.197728677  1  1  3  B
 2.198719251  1  1  4  B
 2.239719142  1  1  5  B
 2.255721369  1  1  6  B
 2.255721579  1  1  0  B
 2.274428939  1  1  1  B
 2.632722077  1  1  2  B
 2.632722297  1  1  3  B
 2.634718935  1  1  4  B
 2.661526611  1  1  5  B
 2.675718619  1  1  6  B
 2.675718760  1  1  0  B
 2.693723376  1  1  1  B
 3.048658369  1  1  2  B
 3.048658830  1  1  4  B
 3.064676306  1  1  5  B
 3.080670488  1  1  6  B
 3.080670858  1  1  0  B
 3.096785687  1  1  1  B
 3.378989943  1  1  2  B
 3.378990053  1  1  3  B
 3.378990524  1  1  4  B
 3.415721827  1  1  5  B
 3.449816517  1  1  6  B
 3.449816947  1  1  0  B
 0.001874679  11  11  0  L
 0.012842599  11  11  1  L
 0.012843080  11  11  2  L
 0.012843240  11  11  4  L
 0.012843400  11  11  5  L
 0.054726429  11  11  6  L
 0.054726569  11  11  0  L
 0.096876006  11  11  1  L
 0.518718974  11  11  2  L
 0.518719335  11  11  3  L
 0.519719337  11  11  4  L
 0.837394177  11  11  5  L
 0.867718621  11  11  6  L
 0.867718852  11  11  0  L
 0.882179862  11  11  1  L
 0.908721575  11  11  2  L
 0.908721776  11  11  3  L
 0.915718523  11  11  4  L
 1.221723919  11  11  5  L
 1.248227451  11  11  6  L
 1.248227622  11  11  0  L
 1.262824215  11  11  1  L
 1.264798401  11  11  2  L
 1.264798792  11  11  3  L
 1.272719569  11  11  4  L
 1.581702060  11  11  5  L
 1.613722922  11  11  6  L
 1.613723413  11  11  0  L
 1.635300145  11  11  1  L
 1.697718762  11  11  2  L
 1.697718912  11  11  3  L
 1.697720645  11  11  4  L
 2.073723600  11  11  5  L
 2.122774633  11  11  6  L
 2.122774803  11  11  0  L
 2.166164338  11  11  1  L
 2.197722665  11  11  2  L
 2.197722856  11  11  3  L
 2.198719261  11  11  4  L
 2.565721367  11  11  5  L
 2.584721466  11  11  6  L
 2.584721737  11  11  0  L
 2.594931661  11  11  1  L
 2.632722287  11  11  2  L
 2.632722578  11  11  3  L
 2.634729665  11  11  4  L
 2.945818505  11  11  5  L
 2.976690380  11  11  6  L
 2.976690550  11  11  0  L
 3.021635350  11  11  1  L
 3.048657868  11  11  2  L
 3.048658309  11  11  3  L
 3.048659291  11  11  4  L
 3.317845055  11  11  5  L
 3.337026835  11  11  6  L
 3.337027025  11  11  0  L
 3.383728013  11  11  1  L
 3.624090072  11  11  2  L
 3.624090183  11  11  3  L
 3.624090954  11  11  4  L
 3.816562750  11  11  5  L
 3.846676708  11  11  6  L
 3.846676888  11  11  0  L
 0.001706123  4  4  0  E
 0.019409090  4  4  1  E
 0.054726859  4  4  2  E
 0.054727110  4  4  3  E
 0.058719814  4  4  4  E
 0.183719372  4  4  5  E
 0.209721163  4  4  6  E
 0.209721344  4  4  0  E
 0.230878296  4  4  1  E
 0.516719521  4  4  2  E
 0.516719661  4  4  3  E
 0.519719407  4  4  4  E
 0.622728310  4  4  5  E
 0.647718921  4  4  6  E
 0.647719061  4  4  0  E
 0.678102827  4  4  1  E
 0.908721575  4  4  2  E
 0.908722317  4  4  3  E
 0.911719247  4  4  4  E
 1.025785549  4  4  5  E
 1.049719602  4  4  6  E
 1.049719912  4  4  0  E
 1.075356001  4  4  1  E
 1.264798641  4  4  2  E
 1.264798872  4  4  3  E
 1.272719308  4  4  4  E
 1.374727439  4  4  5  E
 1.398720672  4  4  6  E
 1.398721032  4  4  0  E
 1.437721639  4  4  1  E
 1.696721445  4  4  2  E
 1.696721766  4  4  3  E
 1.697720746  4  4  4  E
 1.849723243  4  4  5  E
 1.875724738  4  4  6  E
 1.875725038  4  4  0  E
 1.923634815  4  4  1  E
 2.197722886  4  4  2  E
 2.197723587  4  4  3  E
 2.198719712  4  4  4  E
 2.302719439  4  4  5  E
 2.334769145  4  4  6  E
 2.334769506  4  4  0  E
 2.381317814  4  4  1  E
 2.632722037  4  4  2  E
 2.632722297  4  4  3  E
 2.634719266  4  4  4  E
 2.713612209  4  4  5  E
 2.725731998  4  4  6  E
 2.725732268  4  4  0  E
 2.738467019  4  4  1  E
 3.048657968  4  4  2  E
 3.048658399  4  4  3  E
 3.048659070  4  4  4  E
 3.129006777  4  4  5  E
 3.164412659  4  4  6  E
 3.164412829  4  4  0  E
 3.180161452  4  4  1  E
 3.378990043  4  4  2  E
 3.378990524  4  4  4  E
 3.466067842  4  4  5  E
 3.498612981  4  4  6  E
 3.498613402  4  4  0  E
 3.537709746  4  4  1  E
 3.624090263  4  4  2  E
 3.624090453  4  4  3  E
 3.624091205  4  4  4  E
 3.700139057  4  4  5  E
 3.722818928  4  4  6  E
 3.722819098  4  4  0  E
 3.738163164  4  4  1  E
 3.862202484  4  4  2  E
 3.862202754  4  4  4  E
 3.937075447  4  4  5  E
 3.972369483  4  4  6  E
 3.972369663  4  4  0  E
 0.001765074  6  6  0  G
 0.028823142  6  6  1  G
 0.056719780  6  6  2  G
 0.056719980  6  6  3  G
 0.058719814  6  6  4  G
 0.244721829  6  6  5  G
 0.285851307  6  6  6  G
 0.285851717  6  6  0  G
 0.318347925  6  6  1  G
 0.516719541  6  6  2  G
 0.516720052  6  6  3  G
 0.522718941  6  6  4  G
 0.675731458  6  6  5  G
 0.713721853  6  6  6  G
 0.713722063  6  6  0  G
 0.754823141  6  6  1  G
 0.908721405  6  6  2  G
 0.908722086  6  6  3  G
 0.911719267  6  6  4  G
 1.079636684  6  6  5  G
 1.117722046  6  6  6  G
 1.117722297  6  6  0  G
 1.158723618  6  6  1  G
 1.264798571  6  6  2  G
 1.264799042  6  6  3  G
 1.272735639  6  6  4  G
 1.439720541  6  6  5  G
 1.471720825  6  6  6  G
 1.471720976  6  6  0  G
 1.515075355  6  6  1  G
 1.696721455  6  6  2  G
 1.696721766  6  6  3  G
 1.697720605  6  6  4  G
 1.915332573  6  6  5  G
 1.958721798  6  6  6  G
 1.958722108  6  6  0  G
 1.970519984  6  6  1  G
 2.197722956  6  6  2  G
 2.197723607  6  6  3  G
 2.198719542  6  6  4  G
 2.376718454  6  6  5  G
 2.421721820  6  6  6  G
 2.421722030  6  6  0  G
 2.465459590  6  6  1  G
 2.632721977  6  6  2  G
 2.632722237  6  6  3  G
 2.637718601  6  6  4  G
 2.769722732  6  6  5  G
 2.808720919  6  6  6  G
 2.808721109  6  6  0  G
 2.857386494  6  6  1  G
 3.048658018  6  6  2  G
 3.048658399  6  6  3  G
 3.048659070  6  6  4  G
 3.164413090  6  6  5  G
 3.214069089  6  6  6  G
 3.214069500  6  6  0  G
 3.228931192  6  6  1  G
 3.378990043  6  6  2  G
 3.378990514  6  6  4  G
 3.498613752  6  6  5  G
 3.547771092  6  6  6  G
 3.547771553  6  6  0  G
 3.591987331  6  6  1  G
 3.624090263  6  6  2  G
 3.624090393  6  6  3  G
 3.624091054  6  6  4  G
 3.722819388  6  6  5  G
 3.771267550  6  6  6  G
 3.771267971  6  6  0  G
 3.787277664  6  6  1  G
 3.862201252  6  6  2  G
 3.862201462  6  6  3  G
 3.862203165  6  6  4  G
 3.972369864  6  6  5  G
 4.001116882  6  6  6  G
 4.001117343  6  6  0  G
 4.017979482  6  6  1  G
 4.097779759  6  6  2  G
 4.097780050  6  6  4  G
 4.141057772  6  6  5  G
 4.160213615  6  6  6  G
 4.160214016  6  6  0  G
 0.001916677  13  13  0  N
 0.044731770  13  13  1  N
 0.058719363  13  13  2  N
 0.058719563  13  13  4  N
 0.426721873  13  13  5  N
 0.468720531  13  13  6  N
 0.468720631  13  13  0  N
 0.491862571  13  13  1  N
 0.519718816  13  13  2  N
 0.519719036  13  13  4  N
 0.890721501  13  13  5  N
 0.908720824  13  13  6  N
 0.908721084  13  13  0  N
 0.931227164  13  13  1  N
 1.264798641  13  13  2  N
 1.264799072  13  13  3  N
 1.272719458  13  13  4  N
 1.650721734  13  13  5  N
 1.696720944  13  13  6  N
 1.696721044  13  13  0  N
 1.724674142  13  13  1  N
 2.197722886  13  13  2  N
 2.197723216  13  13  3  N
 2.198719331  13  13  4  N
 2.584722318  13  13  5  N
 2.632721466  13  13  6  N
 2.632721726  13  13  0  N
 2.675939072  13  13  1  N
 3.048657928  13  13  2  N
 3.048658309  13  13  3  N
 3.048658970  13  13  4  N
 3.337027356  13  13  5  N
 3.378989181  13  13  6  N
 3.378989552  13  13  0  N
 3.412803734  13  13  1  N
 3.624090403  13  13  2  N
 3.624090784  13  13  4  N
 3.846677339  13  13  5  N
 3.862200500  13  13  6  N
 3.862200841  13  13  0  N
 3.890091907  13  13  1  N
 4.097779860  13  13  2  N
 4.097780461  13  13  4  N
 4.192457560  13  13  5  N
 4.205207510  13  13  6  N
 4.205207811  13  13  0  N
 0.001614502  0  0  0  A
 0.049733212  0  0  1  A
 0.054726819  0  0  2  A
 0.054727120  0  0  3  A
 0.061718847  0  0  4  A
 0.061718977  0  0  5  A
 0.073894167  0  0  6  A
 0.073894468  0  0  0  A
 0.116578365  0  0  1  A
 0.516719521  0  0  2  A
 0.516719651  0  0  3  A
 0.519719276  0  0  4  A
 0.519719427  0  0  5  A
 0.543720965  0  0  6  A
 0.543721156  0  0  0  A
 0.557828934  0  0  1  A
 0.908721395  0  0  2  A
 0.908721786  0  0  3  A
 0.911719407  0  0  4  A
 0.911719607  0  0  5  A
 0.944721604  0  0  6  A
 0.944721785  0  0  0  A
 0.984711833  0  0  1  A
 1.264798591  0  0  2  A
 1.264799032  0  0  3  A
 1.272719619  0  0  4  A
 1.272719819  0  0  5  A
 1.304720592  0  0  6  A
 1.304720772  0  0  0  A
 1.319328727  0  0  1  A
 1.696721675  0  0  2  A
 1.696721956  0  0  3  A
 1.701718740  0  0  4  A
 1.701718890  0  0  5  A
 1.732368406  0  0  6  A
 1.732368676  0  0  0  A
 1.775837750  0  0  1  A
 2.197722816  0  0  2  A
 2.197723287  0  0  3  A
 2.198719231  0  0  4  A
 2.198719431  0  0  5  A
 2.239718702  0  0  6  A
 2.239718932  0  0  0  A
 2.276336700  0  0  1  A
 2.633718873  0  0  2  A
 2.633719073  0  0  3  A
 2.634719025  0  0  4  A
 2.634719226  0  0  5  A
 2.661526080  0  0  6  A
 2.661526310  0  0  0  A
 2.701627653  0  0  1  A
 3.048658229  0  0  2  A
 3.048658760  0  0  4  A
 3.048658900  0  0  5  A
 3.064675744  0  0  6  A
 3.064675955  0  0  0  A
 3.075017024  0  0  1  A
 3.378989862  0  0  2  A
 3.378990053  0  0  3  A
 3.378990554  0  0  4  A
 3.378990644  0  0  5  A
 3.415720966  0  0  6  A
 3.415721156  0  0  0  A
 3.444503299  0  0  1  A
 3.624090493  0  0  2  A
 3.624090854  0  0  4  A
 3.624090994  0  0  5  A
 3.667013882  0  0  6  A
 3.667014323  0  0  0  A
 3.693664276  0  0  1  A
 3.862201703  0  0  2  A
 3.862202193  0  0  3  A
 3.862202985  0  0  4  A
 3.862203145  0  0  5  A
 3.888669334  0  0  6  A
 3.888669745  0  0  0  A
 3.927235826  0  0  1  A
 4.097779980  0  0  2  A
 4.097780561  0  0  4  A
 4.097780711  0  0  5  A
 4.123865496  0  0  6  A
 4.123866017  0  0  0  A
 4.149984013  0  0  1  A
 4.205208271  0  0  2  A
 4.205208542  0  0  3  A
 4.205209313  0  0  4  A
 4.205209434  0  0  5  A
 4.216848263  0  0  6  A
 4.216848694  0  0  0  A
 0.001661299  2  2  0  C
 0.029081606  2  2  1  C
 0.054728873  2  2  2  C
 0.054729284  2  2  3  C
 0.058720204  2  2  4  C
 0.112722347  2  2  5  C
 0.142719036  2  2  6  C
 0.142719297  2  2  0  C
 0.160156106  2  2  1  C
 0.516719661  2  2  2  C
 0.516720413  2  2  3  C
 0.519719487  2  2  4  C
 0.561721100  2  2  5  C
 0.591728612  2  2  6  C
 0.591729343  2  2  0  C
 0.639233697  2  2  1  C
 0.908721525  2  2  2  C
 0.908721786  2  2  3  C
 0.911719086  2  2  4  C
 0.983721218  2  2  5  C
 1.013726305  2  2  6  C
 1.013727177  2  2  0  C
 1.049338859  2  2  1  C
 1.264798541  2  2  2  C
 1.264799102  2  2  3  C
 1.272719418  2  2  4  C
 1.318718655  2  2  5  C
 1.354720948  2  2  6  C
 1.354721269  2  2  0  C
 1.405718481  2  2  1  C
 1.696721695  2  2  2  C
 1.696722126  2  2  3  C
 1.697720655  2  2  4  C
 1.764723514  2  2  5  C
 1.808721689  2  2  6  C
 1.808722089  2  2  0  C
 1.824898682  2  2  1  C
 2.197722796  2  2  2  C
 2.197723106  2  2  3  C
 2.198719632  2  2  4  C
 2.255721809  2  2  5  C
 2.269792950  2  2  6  C
 2.269793291  2  2  0  C
 2.294923224  2  2  1  C
 2.632727497  2  2  2  C
 2.632727707  2  2  3  C
 2.634719336  2  2  4  C
 2.675719060  2  2  5  C
 2.694721484  2  2  6  C
 2.694721745  2  2  0  C
 2.728959270  2  2  1  C
 3.048658058  2  2  2  C
 3.048658429  2  2  3  C
 3.048659030  2  2  4  C
 3.080671189  2  2  5  C
 3.129006306  2  2  6  C
 3.129006536  2  2  0  C
 3.149142161  2  2  1  C
 3.378990303  2  2  2  C
 3.378991175  2  2  4  C
 3.449817498  2  2  5  C
 3.466066910  2  2  6  C
 3.466067351  2  2  0  C
 3.507536567  2  2  1  C
 3.624090343  2  2  2  C
 3.624090874  2  2  4  C
 3.667014634  2  2  5  C
 3.700138436  2  2  6  C
 3.700138787  2  2  0  C
 3.711242445  2  2  1  C
 3.862201572  2  2  2  C
 3.862201953  2  2  3  C
 3.862202975  2  2  4  C
 3.888670105  2  2  5  C
 3.937074716  2  2  6  C
 3.937075147  2  2  0  C
 3.975885616  2  2  1  C
 4.097779840  2  2  2  C
 4.097780270  2  2  4  C
 4.123866418  2  2  5  C
 4.141057111  2  2  6  C
 4.141057532  2  2  0  C
 4.157641970  2  2  1  C
 4.205208822  2  2  2  C
 4.205209123  2  2  4  C
 4.216848945  2  2  5  C
 4.239999446  2  2  6  C
 4.239999867  2  2  0  C
 0.001896780  12  12  0  M
 0.042146641  12  12  1  M
 0.054727551  12  12  2  M
 0.054728362  12  12  3  M
 0.058720194  12  12  4  M
 0.402469146  12  12  5  M
 0.426721192  12  12  6  M
 0.426721422  12  12  0  M
 0.469642697  12  12  1  M
 0.516719661  12  12  2  M
 0.516720002  12  12  3  M
 0.519740696  12  12  4  M
 0.867724482  12  12  5  M
 0.890720890  12  12  6  M
 0.890720980  12  12  0  M
 0.938798216  12  12  1  M
 1.264798591  12  12  2  M
 1.264799082  12  12  3  M
 1.272719318  12  12  4  M
 1.613723994  12  12  5  M
 1.650721323  12  12  6  M
 1.650721453  12  12  0  M
 1.682634654  12  12  1  M
 1.696721325  12  12  2  M
 1.696721675  12  12  3  M
 1.701719411  12  12  4  M
 2.122775224  12  12  5  M
 2.168721055  12  12  6  M
 2.168721225  12  12  0  M
 2.218291139  12  12  1  M
 2.632722608  12  12  2  M
 2.632723039  12  12  3  M
 2.634719396  12  12  4  M
 2.976691061  12  12  5  M
 3.023623692  12  12  6  M
 3.023623892  12  12  0  M
 3.051623430  12  12  1  M
 3.378989913  12  12  2  M
 3.378990383  12  12  4  M
 3.594553025  12  12  5  M
 3.607589912  12  12  6  M
 3.607590282  12  12  0  M
 3.651032212  12  12  1  M
 3.862201091  12  12  2  M
 3.862201202  12  12  3  M
 3.862203035  12  12  4  M
 4.043084933  12  12  5  M
 4.063068274  12  12  6  M
 4.063068675  12  12  0  M
 4.101546131  12  12  1  M
 4.205208151  12  12  2  M
 4.205208251  12  12  3  M
 4.205209384  12  12  4  M
 4.240000157  12  12  5  M
 4.252157688  12  12  6  M
 4.252158099  12  12  0  M
 0.001854942  10  10  0  K
 0.034734817  10  10  1  K
 0.054726889  10  10  2  K
 0.054727310  10  10  3  K
 0.058719783  10  10  4  K
 0.387721811  10  10  5  K
 0.402468345  10  10  6  K
 0.402468665  10  10  0  K
 0.420721251  10  10  1  K
 0.516719721  10  10  2  K
 0.516720373  10  10  3  K
 0.519719417  10  10  4  K
 0.826724594  10  10  5  K
 0.837393084  10  10  6  K
 0.837393515  10  10  0  K
 0.875721722  10  10  1  K
 0.908726264  10  10  2  K
 0.908726505  10  10  3  K
 0.911719377  10  10  4  K
 1.199720180  10  10  5  K
 1.221722857  10  10  6  K
 1.221723298  10  10  0  K
 1.256946673  10  10  1  K
 1.272718837  10  10  2  K
 1.272719068  10  10  4  K
 1.561722558  10  10  5  K
 1.581701318  10  10  6  K
 1.581701589  10  10  0  K
 1.619722163  10  10  1  K
 1.696721275  10  10  2  K
 1.696721675  10  10  3  K
 1.697720736  10  10  4  K
 2.027721625  10  10  5  K
 2.073722769  10  10  6  K
 2.073722949  10  10  0  K
 2.110962020  10  10  1  K
 2.197722605  10  10  2  K
 2.197722996  10  10  3  K
 2.198719291  10  10  4  K
 2.514722924  10  10  5  K
 2.565720555  10  10  6  K
 2.565720716  10  10  0  K
 2.614329505  10  10  1  K
 2.634718444  10  10  2  K
 2.634718735  10  10  4  K
 2.910719638  10  10  5  K
 2.945817423  10  10  6  K
 2.945817804  10  10  0  K
 2.988080302  10  10  1  K
 3.048657948  10  10  2  K
 3.048658830  10  10  4  K
 3.279809340  10  10  5  K
 3.317844063  10  10  6  K
 3.317844434  10  10  0  K
 3.348044160  10  10  1  K
 3.378989913  10  10  2  K
 3.378990033  10  10  3  K
 3.378990774  10  10  4  K
 3.547772054  10  10  5  K
 3.594552303  10  10  6  K
 3.594552664  10  10  0  K
 3.613827880  10  10  1  K
 3.624090163  10  10  2  K
 3.624090764  10  10  4  K
 3.771268362  10  10  5  K
 3.816562269  10  10  6  K
 3.816562509  10  10  0  K
 3.849602565  10  10  1  K
 3.862201081  10  10  2  K
 3.862201192  10  10  3  K
 3.862203025  10  10  4  K
 4.001117934  10  10  5  K
 4.043084462  10  10  6  K
 4.043084692  10  10  0  K
 4.090623812  10  10  1  K
 4.097779609  10  10  2  K
 4.097779719  10  10  3  K
 4.097780260  10  10  4  K
 4.160214356  10  10  5  K
 4.192457079  10  10  6  K
 4.192457250  10  10  0  K
 4.211210889  10  10  1  K
 4.291868582  10  10  2  K
 4.291868873  10  10  4  K
 4.291868973  10  10  5  K
 4.333202746  10  10  6  K
 4.333203247  10  10  0  K
 0.001936254  14  14  0  O
 0.022788386  14  14  1  O
 0.054727491  14  14  2  O
 0.054728272  14  14  3  O
 0.058719864  14  14  4  O
 0.468720912  14  14  5  O
 0.516719010  14  14  6  O
 0.516719160  14  14  0  O
 0.542407236  14  14  1  O
 0.908721595  14  14  2  O
 0.908722207  14  14  3  O
 0.911719136  14  14  4  O
 1.248228153  14  14  5  O
 1.264798120  14  14  6  O
 1.264798241  14  14  0  O
 1.304737774  14  14  1  O
 1.696721665  14  14  2  O
 1.696722096  14  14  3  O
 1.697720856  14  14  4  O
 2.168721616  14  14  5  O
 2.197721984  14  14  6  O
 2.197722285  14  14  0  O
 2.240848948  14  14  1  O
 2.632722568  14  14  2  O
 2.632722888  14  14  3  O
 2.634719015  14  14  4  O
 3.023624664  14  14  5  O
 3.048657327  14  14  6  O
 3.048657678  14  14  0  O
 3.087230248  14  14  1  O
 3.378990033  14  14  2  O
 3.378990363  14  14  4  O
 3.607590663  14  14  5  O
 3.624089802  14  14  6  O
 3.624089922  14  14  0  O
 3.667951167  14  14  1  O
 3.862201352  14  14  2  O
 3.862201642  14  14  3  O
 3.862203035  14  14  4  O
 4.063069076  14  14  5  O
 4.097779028  14  14  6  O
 4.097779409  14  14  0  O
 4.143093353  14  14  1  O
 4.205208051  14  14  2  O
 4.205208191  14  14  3  O
 4.205209404  14  14  4  O
 4.252158319  14  14  5  O
 4.291867801  14  14  6  O
 4.291868102  14  14  0  O
 4.328325134  14  14  1  O
 4.333203337  14  14  2  O
 4.333203477  14  14  4  O
 4.333203608  14  14  5  O
 4.362286636  14  14  6  O
 4.362287758  14  14  0  O
 4.389942060  14  14  1  O
 4.389943382  14  14  2  O
 4.389943513  14  14  4  O
 4.389943673  14  14  5  O
 4.427381893  14  14  6  O
 4.427383155  14  14  0  O
-1  15  15  7 LOCAL_SECTION;ENTRY_PROTOCOL_1;ENTRY_PROTOCOL_2;ENTRY_PROTOCOL_3;ENTRY_PROTOCOL_4;CRITICAL_SECTION;EXIT_PROTOCOL;EXTRA_LABEL;
