 0.001640256  7  7  0  R
 0.026956875  7  7  1  R
 0.078792934  7  7  2  R
 0.112343983  7  7  3  R
 0.112401549  7  7  0  R
 0.130175391  7  7  1  R
 0.156206024  7  7  2  R
 0.172359277  7  7  3  R
 0.172399020  7  7  0  R
 0.217655404  7  7  1  R
 0.222778025  7  7  2  R
 0.249967627  7  7  3  R
 0.250022689  7  7  0  R
 0.294789180  7  7  1  R
 0.343325864  7  7  2  R
 0.371064651  7  7  3  R
 0.371096380  7  7  0  R
 0.398575616  7  7  1  R
 0.441850105  7  7  2  R
 0.458685755  7  7  3  R
 0.458835141  7  7  0  R
 0.501925018  7  7  1  R
 0.518706208  7  7  2  R
 0.560498621  7  7  3  R
 0.560503169  7  7  0  R
 0.606583314  7  7  1  R
 0.634100150  7  7  2  R
 0.654867474  7  7  3  R
 0.654901617  7  7  0  R
 0.687790865  7  7  1  R
 0.699006718  7  7  2  R
 0.749084036  7  7  3  R
 0.749090619  7  7  0  R
 0.770560999  7  7  1  R
 0.852382814  7  7  2  R
 0.892270793  7  7  3  R
 0.892306529  7  7  0  R
 0.905375341  7  7  1  R
 0.947767921  7  7  2  R
 0.986434708  7  7  3  R
 0.986481244  7  7  0  R
 1.020867134  7  7  1  R
 1.041031826  7  7  2  R
 1.086756348  7  7  3  R
 1.086783729  7  7  0  R
 1.107491759  7  7  1  R
 1.134842658  7  7  2  R
 1.146985844  7  7  3  R
 1.147019426  7  7  0  R
 1.167890498  7  7  1  R
 1.203112741  7  7  2  R
 1.214944954  7  7  3  R
 1.214975029  7  7  0  R
 1.250434789  7  7  1  R
 1.276887399  7  7  2  R
 1.322396784  7  7  3  R
 1.322403186  7  7  0  R
 1.333785008  7  7  1  R
 1.354286157  7  7  2  R
 1.368612662  7  7  3  R
 1.368667243  7  7  0  R
 0.001492694  0  0  0  R
 0.034678619  0  0  1  R
 0.078840502  0  0  2  R
 0.124381422  0  0  3  R
 0.124410476  0  0  0  R
 0.174415420  0  0  1  R
 0.222645701  0  0  2  R
 0.252462320  0  0  3  R
 0.252511801  0  0  0  R
 0.269529697  0  0  1  R
 0.282447129  0  0  2  R
 0.322965522  0  0  3  R
 0.322972535  0  0  0  R
 0.342747417  0  0  1  R
 0.343530412  0  0  2  R
 0.392957772  0  0  3  R
 0.393011491  0  0  0  R
 0.407677920  0  0  1  R
 0.441944980  0  0  2  R
 0.466502757  0  0  3  R
 0.466558479  0  0  0  R
 0.482946354  0  0  1  R
 0.518583982  0  0  2  R
 0.553400525  0  0  3  R
 0.553472908  0  0  0  R
 0.598761694  0  0  1  R
 0.634051831  0  0  2  R
 0.653038440  0  0  3  R
 0.653090736  0  0  0  R
 0.668092924  0  0  1  R
 0.698895092  0  0  2  R
 0.719309645  0  0  3  R
 0.719362833  0  0  0  R
 0.746026355  0  0  1  R
 0.766753876  0  0  2  R
 0.795095584  0  0  3  R
 0.795148631  0  0  0  R
 0.817868247  0  0  1  R
 0.852472890  0  0  2  R
 0.868574456  0  0  3  R
 0.868626312  0  0  0  R
 0.914306247  0  0  1  R
 0.947821449  0  0  2  R
 0.966064938  0  0  3  R
 0.966116503  0  0  0  R
 0.999415467  0  0  1  R
 1.040707718  0  0  2  R
 1.051327150  0  0  3  R
 1.051364849  0  0  0  R
 1.091171154  0  0  1  R
 1.134725982  0  0  2  R
 1.184226552  0  0  3  R
 1.184232332  0  0  0  R
 1.213455666  0  0  1  R
 1.276734517  0  0  2  R
 1.291172288  0  0  3  R
 1.291218193  0  0  0  R
 1.314356338  0  0  1  R
 1.354156327  0  0  2  R
 1.372364265  0  0  3  R
 1.372399209  0  0  0  R
 0.001556171  3  3  0  R
 0.026859606  3  3  1  R
 0.078766926  3  3  2  R
 0.124275577  3  3  3  R
 0.124310301  3  3  0  R
 0.139466192  3  3  1  R
 0.156294247  3  3  2  R
 0.178517599  3  3  3  R
 0.178577800  3  3  0  R
 0.209582771  3  3  1  R
 0.222727842  3  3  2  R
 0.259716023  3  3  3  R
 0.259772827  3  3  0  R
 0.277467963  3  3  1  R
 0.282558464  3  3  2  R
 0.304331143  3  3  3  R
 0.304387227  3  3  0  R
 0.328826986  3  3  1  R
 0.343462035  3  3  2  R
 0.383074749  3  3  3  R
 0.383131654  3  3  0  R
 0.396643662  3  3  1  R
 0.441820570  3  3  2  R
 0.457344160  3  3  3  R
 0.457463540  3  3  0  R
 0.469826779  3  3  1  R
 0.518548527  3  3  2  R
 0.560149657  3  3  3  R
 0.560204889  3  3  0  R
 0.574227750  3  3  1  R
 0.574783175  3  3  2  R
 0.602828867  3  3  3  R
 0.602882907  3  3  0  R
 0.622794833  3  3  1  R
 0.634153018  3  3  2  R
 0.675826001  3  3  3  R
 0.675882415  3  3  0  R
 0.702846061  3  3  1  R
 0.766558345  3  3  2  R
 0.799364329  3  3  3  R
 0.799416235  3  3  0  R
 0.845358875  3  3  1  R
 0.852636662  3  3  2  R
 0.878530905  3  3  3  R
 0.878583462  3  3  0  R
 0.899834128  3  3  1  R
 0.947731453  3  3  2  R
 0.980728031  3  3  3  R
 0.980754700  3  3  0  R
 1.029132473  3  3  1  R
 1.041113406  3  3  2  R
 1.056501226  3  3  3  R
 1.056524759  3  3  0  R
 1.091694179  3  3  1  R
 1.134751259  3  3  2  R
 1.148616634  3  3  3  R
 1.148631812  3  3  0  R
 1.182910924  3  3  1  R
 1.203232141  3  3  2  R
 1.241495293  3  3  3  R
 1.241523155  3  3  0  R
 1.251839130  3  3  1  R
 1.276912566  3  3  2  R
 1.305985652  3  3  3  R
 1.306061983  3  3  0  R
 1.326097172  3  3  1  R
 1.354209776  3  3  2  R
 1.387961315  3  3  3  R
 1.388013351  3  3  0  R
 1.405765918  3  3  1  R
 1.451736985  3  3  2  R
 1.485896526  3  3  3  R
 1.485923386  3  3  0  R
 0.001595954  5  5  0  R
 0.033846714  5  5  1  R
 0.078814564  5  5  2  R
 0.123711396  5  5  3  R
 0.123805149  5  5  0  R
 0.173195219  5  5  1  R
 0.222609604  5  5  2  R
 0.248457841  5  5  3  R
 0.248513454  5  5  0  R
 0.271591782  5  5  1  R
 0.282478086  5  5  2  R
 0.301808910  5  5  3  R
 0.301864102  5  5  0  R
 0.323408049  5  5  1  R
 0.343409088  5  5  2  R
 0.362598001  5  5  3  R
 0.362655657  5  5  0  R
 0.379480147  5  5  1  R
 0.441724833  5  5  2  R
 0.476892645  5  5  3  R
 0.476948268  5  5  0  R
 0.521913886  5  5  1  R
 0.574661531  5  5  2  R
 0.594397903  5  5  3  R
 0.594435182  5  5  0  R
 0.639275458  5  5  1  R
 0.698805196  5  5  2  R
 0.726803911  5  5  3  R
 0.726842522  5  5  0  R
 0.743780521  5  5  1  R
 0.766718971  5  5  2  R
 0.781040192  5  5  3  R
 0.781086407  5  5  0  R
 0.793240151  5  5  1  R
 0.852445189  5  5  2  R
 0.898362583  5  5  3  R
 0.898396525  5  5  0  R
 0.924342453  5  5  1  R
 0.947910003  5  5  2  R
 0.994245669  5  5  3  R
 0.994299559  5  5  0  R
 1.029288991  5  5  1  R
 1.041159141  5  5  2  R
 1.068964439  5  5  3  R
 1.068998943  5  5  0  R
 1.107695956  5  5  1  R
 1.134886378  5  5  2  R
 1.148524604  5  5  3  R
 1.148550101  5  5  0  R
 1.168790709  5  5  1  R
 1.203139861  5  5  2  R
 1.245527203  5  5  3  R
 1.245562639  5  5  0  R
 1.284597276  5  5  1  R
 1.354123537  5  5  2  R
 1.386780816  5  5  3  R
 1.386814629  5  5  0  R
 1.418951368  5  5  1  R
 1.452008095  5  5  2  R
 1.485697058  5  5  3  R
 1.485731973  5  5  0  R
 1.499375297  5  5  1  R
 1.514925000  5  5  2  R
 1.559328143  5  5  3  R
 1.559337741  5  5  0  R
 0.001662407  8  8  0  R
 0.012517159  8  8  1  R
 0.012583331  8  8  2  R
 0.051100581  8  8  3  R
 0.051124545  8  8  0  R
 0.063670257  8  8  1  R
 0.078939966  8  8  2  R
 0.090513839  8  8  3  R
 0.090587295  8  8  0  R
 0.128995244  8  8  1  R
 0.156171731  8  8  2  R
 0.191483439  8  8  3  R
 0.191490663  8  8  0  R
 0.210794406  8  8  1  R
 0.222751676  8  8  2  R
 0.253074810  8  8  3  R
 0.253102701  8  8  0  R
 0.300371327  8  8  1  R
 0.343353916  8  8  2  R
 0.393250131  8  8  3  R
 0.393255441  8  8  0  R
 0.406347916  8  8  1  R
 0.441909484  8  8  2  R
 0.475076114  8  8  3  R
 0.475113453  8  8  0  R
 0.516676153  8  8  1  R
 0.518799821  8  8  2  R
 0.542315475  8  8  3  R
 0.542341443  8  8  0  R
 0.555267790  8  8  1  R
 0.574706874  8  8  2  R
 0.599987916  8  8  3  R
 0.600032849  8  8  0  R
 0.619757108  8  8  1  R
 0.634124124  8  8  2  R
 0.669794453  8  8  3  R
 0.669846339  8  8  0  R
 0.685199304  8  8  1  R
 0.698956495  8  8  2  R
 0.720704368  8  8  3  R
 0.720730085  8  8  0  R
 0.742405885  8  8  1  R
 0.766691621  8  8  2  R
 0.797765530  8  8  3  R
 0.797817375  8  8  0  R
 0.829034017  8  8  1  R
 0.852552948  8  8  2  R
 0.889824270  8  8  3  R
 0.889897685  8  8  0  R
 0.921379527  8  8  1  R
 0.947847798  8  8  2  R
 0.961867724  8  8  3  R
 0.961983738  8  8  0  R
 1.004062641  8  8  1  R
 1.040794498  8  8  2  R
 1.086127778  8  8  3  R
 1.086163143  8  8  0  R
 1.116790908  8  8  1  R
 1.134962909  8  8  2  R
 1.163379775  8  8  3  R
 1.163432051  8  8  0  R
 1.182136204  8  8  1  R
 1.203197367  8  8  2  R
 1.223815921  8  8  3  R
 1.223891340  8  8  0  R
 1.241554663  8  8  1  R
 1.276814214  8  8  2  R
 1.292950579  8  8  3  R
 1.292994851  8  8  0  R
 1.326504464  8  8  1  R
 1.354235884  8  8  2  R
 1.381258767  8  8  3  R
 1.381313107  8  8  0  R
 1.408708648  8  8  1  R
 1.451763393  8  8  2  R
 1.500087732  8  8  3  R
 1.500093463  8  8  0  R
 1.537097984  8  8  1  R
 1.579460342  8  8  2  R
 1.609505812  8  8  3  R
 1.609579638  8  8  0  R
 1.637266256  8  8  1  R
 1.643585136  8  8  2  R
 1.654249704  8  8  3  R
 1.654324903  8  8  0  R
 0.001618596  6  6  0  R
 0.041732380  6  6  1  R
 0.078862373  6  6  2  R
 0.125081534  6  6  3  R
 0.125137878  6  6  0  R
 0.162441479  6  6  1  R
 0.222575521  6  6  2  R
 0.242299820  6  6  3  R
 0.242330066  6  6  0  R
 0.260753577  6  6  1  R
 0.282414288  6  6  2  R
 0.320928795  6  6  3  R
 0.320989397  6  6  0  R
 0.346745073  6  6  1  R
 0.441687054  6  6  2  R
 0.469826769  6  6  3  R
 0.469907538  6  6  0  R
 0.488350615  6  6  1  R
 0.518619338  6  6  2  R
 0.544473356  6  6  3  R
 0.544524771  6  6  0  R
 0.574235455  6  6  1  R
 0.574829711  6  6  2  R
 0.588280447  6  6  3  R
 0.588335699  6  6  0  R
 0.626907390  6  6  1  R
 0.634179797  6  6  2  R
 0.649687367  6  6  3  R
 0.649740666  6  6  0  R
 0.671512924  6  6  1  R
 0.698929495  6  6  2  R
 0.721028245  6  6  3  R
 0.721056037  6  6  0  R
 0.735617752  6  6  1  R
 0.766663058  6  6  2  R
 0.812006523  6  6  3  R
 0.812012845  6  6  0  R
 0.860885891  6  6  1  R
 0.947627942  6  6  2  R
 0.992897492  6  6  3  R
 0.992937245  6  6  0  R
 1.027797961  6  6  1  R
 1.041085675  6  6  2  R
 1.082223113  6  6  3  R
 1.082274809  6  6  0  R
 1.111949565  6  6  1  R
 1.134912867  6  6  2  R
 1.172868964  6  6  3  R
 1.172905662  6  6  0  R
 1.185432407  6  6  1  R
 1.203257357  6  6  2  R
 1.253212013  6  6  3  R
 1.253217333  6  6  0  R
 1.283636413  6  6  1  R
 1.354089354  6  6  2  R
 1.383656782  6  6  3  R
 1.383710661  6  6  0  R
 1.415502815  6  6  1  R
 1.451921665  6  6  2  R
 1.486642142  6  6  3  R
 1.486675243  6  6  0  R
 1.536501834  6  6  1  R
 1.579434614  6  6  2  R
 1.615199799  6  6  3  R
 1.615234913  6  6  0  R
 1.647807216  6  6  1  R
 1.736008947  6  6  2  R
 1.775903692  6  6  3  R
 1.775956459  6  6  0  R
 0.001536705  2  2  0  R
 0.018328459  2  2  1  R
 0.018395743  2  2  2  R
 0.058603731  2  2  3  R
 0.058609682  2  2  0  R
 0.079243776  2  2  1  R
 0.156117711  2  2  2  R
 0.171111335  2  2  3  R
 0.171141811  2  2  0  R
 0.219133171  2  2  1  R
 0.222826444  2  2  2  R
 0.251625215  2  2  3  R
 0.251680086  2  2  0  R
 0.286524221  2  2  1  R
 0.343259211  2  2  2  R
 0.370379087  2  2  3  R
 0.370451420  2  2  0  R
 0.399022060  2  2  1  R
 0.441881262  2  2  2  R
 0.475841376  2  2  3  R
 0.475888673  2  2  0  R
 0.513216029  2  2  1  R
 0.518754537  2  2  2  R
 0.542124753  2  2  3  R
 0.542195303  2  2  0  R
 0.591701498  2  2  1  R
 0.634021695  2  2  2  R
 0.677729262  2  2  3  R
 0.677735644  2  2  0  R
 0.711392959  2  2  1  R
 0.766625529  2  2  2  R
 0.801849164  2  2  3  R
 0.801982930  2  2  0  R
 0.826682529  2  2  1  R
 0.852501283  2  2  2  R
 0.901676757  2  2  3  R
 0.901682277  2  2  0  R
 0.928169825  2  2  1  R
 0.947961999  2  2  2  R
 0.963834754  2  2  3  R
 0.963888803  2  2  0  R
 0.980348180  2  2  1  R
 1.040678334  2  2  2  R
 1.054600709  2  2  3  R
 1.054635644  2  2  0  R
 1.070333445  2  2  1  R
 1.134666352  2  2  2  R
 1.147570423  2  2  3  R
 1.147593516  2  2  0  R
 1.192173626  2  2  1  R
 1.203310425  2  2  2  R
 1.214702807  2  2  3  R
 1.214751507  2  2  0  R
 1.226125713  2  2  1  R
 1.276762118  2  2  2  R
 1.322097762  2  2  3  R
 1.322124702  2  2  0  R
 1.353736583  2  2  1  R
 1.354357839  2  2  2  R
 1.384889787  2  2  3  R
 1.384926785  2  2  0  R
 1.411301713  2  2  1  R
 1.451789511  2  2  2  R
 1.496912052  2  2  3  R
 1.496948820  2  2  0  R
 1.515434460  2  2  1  R
 1.579378891  2  2  2  R
 1.623663806  2  2  3  R
 1.623670829  2  2  0  R
 1.634820333  2  2  1  R
 1.643536957  2  2  2  R
 1.684314450  2  2  3  R
 1.684440452  2  2  0  R
 1.717977766  2  2  1  R
 1.736165446  2  2  2  R
 1.784493271  2  2  3  R
 1.784499954  2  2  0  R
 1.831939560  2  2  1  R
 1.874170485  2  2  2  R
 1.905200412  2  2  3  R
 1.905208467  2  2  0  R
 0.001574875  4  4  0  R
 0.013684913  4  4  1  R
 0.013747779  4  4  2  R
 0.024350187  4  4  3  R
 0.024372328  4  4  0  R
 0.054735336  4  4  1  R
 0.078904260  4  4  2  R
 0.107416463  4  4  3  R
 0.107559427  4  4  0  R
 0.156264622  4  4  1  R
 0.222522694  4  4  2  R
 0.269119100  4  4  3  R
 0.269128908  4  4  0  R
 0.294053081  4  4  1  R
 0.343285099  4  4  2  R
 0.377921261  4  4  3  R
 0.377975942  4  4  0  R
 0.389601109  4  4  1  R
 0.441788842  4  4  2  R
 0.480048668  4  4  3  R
 0.480055130  4  4  0  R
 0.506541074  4  4  1  R
 0.518730372  4  4  2  R
 0.530070805  4  4  3  R
 0.530123051  4  4  0  R
 0.553790304  4  4  1  R
 0.574687108  4  4  2  R
 0.607840794  4  4  3  R
 0.607847005  4  4  0  R
 0.639480066  4  4  1  R
 0.698837405  4  4  2  R
 0.720617979  4  4  3  R
 0.720669463  4  4  0  R
 0.752318844  4  4  1  R
 0.766803758  4  4  2  R
 0.809042154  4  4  3  R
 0.809094741  4  4  0  R
 0.828496536  4  4  1  R
 0.852527311  4  4  2  R
 0.870997847  4  4  3  R
 0.871070752  4  4  0  R
 0.893470256  4  4  1  R
 0.947694786  4  4  2  R
 0.995317787  4  4  3  R
 0.995323007  4  4  0  R
 1.024054694  4  4  1  R
 1.041061891  4  4  2  R
 1.066159434  4  4  3  R
 1.066187897  4  4  0  R
 1.088613745  4  4  1  R
 1.134692190  4  4  2  R
 1.148617425  4  4  3  R
 1.148656948  4  4  0  R
 1.198828786  4  4  1  R
 1.203355519  4  4  2  R
 1.227788361  4  4  3  R
 1.227841489  4  4  0  R
 1.241313819  4  4  1  R
 1.276788387  4  4  2  R
 1.314747910  4  4  3  R
 1.314774549  4  4  0  R
 1.346136349  4  4  1  R
 1.354310953  4  4  2  R
 1.367180981  4  4  3  R
 1.367233928  4  4  0  R
 1.404374230  4  4  1  R
 1.451710125  4  4  2  R
 1.466597255  4  4  3  R
 1.466672724  4  4  0  R
 1.483380333  4  4  1  R
 1.514893472  4  4  2  R
 1.550348704  4  4  3  R
 1.550401762  4  4  0  R
 1.599262781  4  4  1  R
 1.643511981  4  4  2  R
 1.667995899  4  4  3  R
 1.668070907  4  4  0  R
 1.694540539  4  4  1  R
 1.736035136  4  4  2  R
 1.759100266  4  4  3  R
 1.759166779  4  4  0  R
 1.785414922  4  4  1  R
 1.809300356  4  4  2  R
 1.825870812  4  4  3  R
 1.825925112  4  4  0  R
 1.874269538  4  4  1  R
 1.955089428  4  4  2  R
 1.967306762  4  4  3  R
 1.967327690  4  4  0  R
 0.001516387  1  1  0  R
 0.041944531  1  1  1  R
 0.078876078  1  1  2  R
 0.094356859  1  1  3  R
 0.094494463  1  1  0  R
 0.116329136  1  1  1  R
 0.156146625  1  1  2  R
 0.186739157  1  1  3  R
 0.186796162  1  1  0  R
 0.200650161  1  1  1  R
 0.222705150  1  1  2  R
 0.242135427  1  1  3  R
 0.242287006  1  1  0  R
 0.254080395  1  1  1  R
 0.282377981  1  1  2  R
 0.316672252  1  1  3  R
 0.316860028  1  1  0  R
 0.340816054  1  1  1  R
 0.343485328  1  1  2  R
 0.390636640  1  1  3  R
 0.390692322  1  1  0  R
 0.434232241  1  1  1  R
 0.442022022  1  1  2  R
 0.477907047  1  1  3  R
 0.477962519  1  1  0  R
 0.500263011  1  1  1  R
 0.518681492  1  1  2  R
 0.545629218  1  1  3  R
 0.545664724  1  1  0  R
 0.560252196  1  1  1  R
 0.574730338  1  1  2  R
 0.589730652  1  1  3  R
 0.589784531  1  1  0  R
 0.632733268  1  1  1  R
 0.634228787  1  1  2  R
 0.659262743  1  1  3  R
 0.659301084  1  1  0  R
 0.700099474  1  1  1  R
 0.766528019  1  1  2  R
 0.805072060  1  1  3  R
 0.805106804  1  1  0  R
 0.838271008  1  1  1  R
 0.852579116  1  1  2  R
 0.892372401  1  1  3  R
 0.892403448  1  1  0  R
 0.922348034  1  1  1  R
 0.947885608  1  1  2  R
 0.962374880  1  1  3  R
 0.962404395  1  1  0  R
 1.007132865  1  1  1  R
 1.040995138  1  1  2  R
 1.068050663  1  1  3  R
 1.068068847  1  1  0  R
 1.101580522  1  1  1  R
 1.134814285  1  1  2  R
 1.148078651  1  1  3  R
 1.148102174  1  1  0  R
 1.159702610  1  1  1  R
 1.203083767  1  1  2  R
 1.224235075  1  1  3  R
 1.224265320  1  1  0  R
 1.274014078  1  1  1  R
 1.276966646  1  1  2  R
 1.288054716  1  1  3  R
 1.288107803  1  1  0  R
 1.326054533  1  1  1  R
 1.354183377  1  1  2  R
 1.403549779  1  1  3  R
 1.403556381  1  1  0  R
 1.417814881  1  1  1  R
 1.451959525  1  1  2  R
 1.483890184  1  1  3  R
 1.483920550  1  1  0  R
 1.507671566  1  1  1  R
 1.514950287  1  1  2  R
 1.551680772  1  1  3  R
 1.551733279  1  1  0  R
 1.571232730  1  1  1  R
 1.579513981  1  1  2  R
 1.613051344  1  1  3  R
 1.613081259  1  1  0  R
 1.646333317  1  1  1  R
 1.735979393  1  1  2  R
 1.757673193  1  1  3  R
 1.757716322  1  1  0  R
 1.797946516  1  1  1  R
 1.809332796  1  1  2  R
 1.839265428  1  1  3  R
 1.839308988  1  1  0  R
 1.889031086  1  1  1  R
 1.955122499  1  1  2  R
 1.967213449  1  1  3  R
 1.967238045  1  1  0  R
 2.001046499  1  1  1  R
 2.039840933  1  1  2  R
 2.055780996  1  1  3  R
 2.055974012  1  1  0  R
 0.001681702  9  9  0  R
 0.026438058  9  9  1  R
 0.078744425  9  9  2  R
 0.125087615  9  9  3  R
 0.125142486  9  9  0  R
 0.139406342  9  9  1  R
 0.156241560  9  9  2  R
 0.170833081  9  9  3  R
 0.170886530  9  9  0  R
 0.195271739  9  9  1  R
 0.222672931  9  9  2  R
 0.247257306  9  9  3  R
 0.247312108  9  9  0  R
 0.273767095  9  9  1  R
 0.282506098  9  9  2  R
 0.293457403  9  9  3  R
 0.293512685  9  9  0  R
 0.310526403  9  9  1  R
 0.343381226  9  9  2  R
 0.387719919  9  9  3  R
 0.387896404  9  9  0  R
 0.411674563  9  9  1  R
 0.441972280  9  9  2  R
 0.453185688  9  9  3  R
 0.453278960  9  9  0  R
 0.500263042  9  9  1  R
 0.518647640  9  9  2  R
 0.534239315  9  9  3  R
 0.534311869  9  9  0  R
 0.560642997  9  9  1  R
 0.574759211  9  9  2  R
 0.594596008  9  9  3  R
 0.594626204  9  9  0  R
 0.642552474  9  9  1  R
 0.698871017  9  9  2  R
 0.743269138  9  9  3  R
 0.743431267  9  9  0  R
 0.790046418  9  9  1  R
 0.852417598  9  9  2  R
 0.867452306  9  9  3  R
 0.867502599  9  9  0  R
 0.908117009  9  9  1  R
 0.947795271  9  9  2  R
 0.960747478  9  9  3  R
 0.960818499  9  9  0  R
 0.974709306  9  9  1  R
 1.040645774  9  9  2  R
 1.087025054  9  9  3  R
 1.087029712  9  9  0  R
 1.098878827  9  9  1  R
 1.134777457  9  9  2  R
 1.146479771  9  9  3  R
 1.146533560  9  9  0  R
 1.186282305  9  9  1  R
 1.203284177  9  9  2  R
 1.232955466  9  9  3  R
 1.233028170  9  9  0  R
 1.249333747  9  9  1  R
 1.276841455  9  9  2  R
 1.293892918  9  9  3  R
 1.293945265  9  9  0  R
 1.327452413  9  9  1  R
 1.354261301  9  9  2  R
 1.385766565  9  9  3  R
 1.385817288  9  9  0  R
 1.400536779  9  9  1  R
 1.451683055  9  9  2  R
 1.477475638  9  9  3  R
 1.477528936  9  9  0  R
 1.511336719  9  9  1  R
 1.515004837  9  9  2  R
 1.535426179  9  9  3  R
 1.535479407  9  9  0  R
 1.583339309  9  9  1  R
 1.643481665  9  9  2  R
 1.688387676  9  9  3  R
 1.688393447  9  9  0  R
 1.715440644  9  9  1  R
 1.736103181  9  9  2  R
 1.770653143  9  9  3  R
 1.770696574  9  9  0  R
 1.803110494  9  9  1  R
 1.809385403  9  9  2  R
 1.847341640  9  9  3  R
 1.847347902  9  9  0  R
 1.895508098  9  9  1  R
 1.955178993  9  9  2  R
 1.991638018  9  9  3  R
 1.991646414  9  9  0  R
 2.002621254  9  9  1  R
 2.039911032  9  9  2  R
 2.064960283  9  9  3  R
 2.064965323  9  9  0  R
 2.089547939  9  9  1  R
 2.096115088  9  9  2  R
 2.125828555  9  9  3  R
 2.125838624  9  9  0  R
 0.001798157  14  14  0  W
 0.029375416  14  14  1  W
 0.191526369  14  14  2  W
 0.222336991  14  14  3  W
 0.222468734  14  14  0  W
 0.255095969  14  14  1  W
 0.560563180  14  14  2  W
 0.574593335  14  14  3  W
 0.574629532  14  14  0  W
 0.604881053  14  14  1  W
 0.901836091  14  14  2  W
 0.947357213  14  14  3  W
 0.947582368  14  14  0  W
 0.988815641  14  14  1  W
 1.322491038  14  14  2  W
 1.354013373  14  14  3  W
 1.354058817  14  14  0  W
 1.372883202  14  14  1  W
 1.688550036  14  14  2  W
 1.735778021  14  14  3  W
 1.735934159  14  14  0  W
 1.748658839  14  14  1  W
 2.065025323  14  14  2  W
 2.095878562  14  14  3  W
 2.096048004  14  14  0  W
 2.111411068  14  14  1  W
 2.229201891  14  14  2  W
 2.272170040  14  14  3  W
 2.272355763  14  14  0  W
 2.304536661  14  14  1  W
 2.432966840  14  14  2  W
 2.443680914  14  14  3  W
 2.443821584  14  14  0  W
 2.482705734  14  14  1  W
 2.605466220  14  14  2  W
 2.621201099  14  14  3  W
 2.621328714  14  14  0  W
 2.666893815  14  14  1  W
 2.717593952  14  14  2  W
 2.763280847  14  14  3  W
 2.763328205  14  14  0  W
 2.805754153  14  14  1  W
 2.882674209  14  14  2  W
 2.911784143  14  14  3  W
 2.911929170  14  14  0  W
 2.938648619  14  14  1  W
 3.035752114  14  14  2  W
 3.086093925  14  14  3  W
 3.086250344  14  14  0  W
 3.100448851  14  14  1  W
 3.213471398  14  14  2  W
 3.224696788  14  14  3  W
 3.224751449  14  14  0  W
 3.242160372  14  14  1  W
 3.322699882  14  14  2  W
 3.366013240  14  14  3  W
 3.366196368  14  14  0  W
 3.406247405  14  14  1  W
 3.496498219  14  14  2  W
 3.510022092  14  14  3  W
 3.510115003  14  14  0  W
 0.001725153  11  11  0  W
 0.034885450  11  11  1  W
 0.323117012  11  11  2  W
 0.343198289  11  11  3  W
 0.343231811  11  11  0  W
 0.378958605  11  11  1  W
 0.677790465  11  11  2  W
 0.698727172  11  11  3  W
 0.698770161  11  11  0  W
 0.746072821  11  11  1  W
 1.087078903  11  11  2  W
 1.134484817  11  11  3  W
 1.134634684  11  11  0  W
 1.150996565  11  11  1  W
 1.500144607  11  11  2  W
 1.514702009  11  11  3  W
 1.514864659  11  11  0  W
 1.533195222  11  11  1  W
 1.847463144  11  11  2  W
 1.874072264  11  11  3  W
 1.874123078  11  11  0  W
 1.893614724  11  11  1  W
 2.139306478  11  11  2  W
 2.162782995  11  11  3  W
 2.162929215  11  11  0  W
 2.204104284  11  11  1  W
 2.317356292  11  11  2  W
 2.355877271  11  11  3  W
 2.356036645  11  11  0  W
 2.395909801  11  11  1  W
 2.487910710  11  11  2  W
 2.534390188  11  11  3  W
 2.534551806  11  11  0  W
 2.565291006  11  11  1  W
 2.668796527  11  11  2  W
 2.691460422  11  11  3  W
 2.691625877  11  11  0  W
 2.741078463  11  11  1  W
 2.835289099  11  11  2  W
 2.882493095  11  11  3  W
 2.882548427  11  11  0  W
 2.927796623  11  11  1  W
 3.008492326  11  11  2  W
 3.035476125  11  11  3  W
 3.035658902  11  11  0  W
 3.057691052  11  11  1  W
 3.178441911  11  11  2  W
 3.213272480  11  11  3  W
 3.213319928  11  11  0  W
 3.260937631  11  11  1  W
 3.366249116  11  11  2  W
 3.406648736  11  11  3  W
 3.406700121  11  11  0  W
 3.441374091  11  11  1  W
 3.510162251  11  11  2  W
 3.521768002  11  11  3  W
 3.521905256  11  11  0  W
 3.534541881  11  11  1  W
 3.571498053  11  11  2  W
 3.590183122  11  11  3  W
 3.590252210  11  11  0  W
 3.625989324  11  11  1  W
 3.686210350  11  11  2  W
 3.707985794  11  11  3  W
 3.708197575  11  11  0  W
 3.750036110  11  11  1  W
 3.797122863  11  11  2  W
 3.815532062  11  11  3  W
 3.815778717  11  11  0  W
 3.839668694  11  11  1  W
 3.917624895  11  11  2  W
 3.932719026  11  11  3  W
 3.932790678  11  11  0  W
 3.960170536  11  11  1  W
 4.028984743  11  11  2  W
 4.045561170  11  11  3  W
 4.045721506  11  11  0  W
 0.001702891  10  10  0  W
 0.024122286  10  10  1  W
 0.125214359  10  10  2  W
 0.155887517  10  10  3  W
 0.156088758  10  10  0  W
 0.192171308  10  10  1  W
 0.480184970  10  10  2  W
 0.518453001  10  10  3  W
 0.518515987  10  10  0  W
 0.563079883  10  10  1  W
 0.812145520  10  10  2  W
 0.852174510  10  10  3  W
 0.852340656  10  10  0  W
 0.875990127  10  10  1  W
 1.253387116  10  10  2  W
 1.276574883  10  10  3  W
 1.276699062  10  10  0  W
 1.321689068  10  10  1  W
 1.623800078  10  10  2  W
 1.643384485  10  10  3  W
 1.643441160  10  10  0  W
 1.676590548  10  10  1  W
 1.991701255  10  10  2  W
 2.039642717  10  10  3  W
 2.039814344  10  10  0  W
 2.080734794  10  10  1  W
 2.210463059  10  10  2  W
 2.229029493  10  10  3  W
 2.229165373  10  10  0  W
 2.256977661  10  10  1  W
 2.397570977  10  10  2  W
 2.432874460  10  10  3  W
 2.432932667  10  10  0  W
 2.445310501  10  10  1  W
 2.557150792  10  10  2  W
 2.605260230  10  10  3  W
 2.605393315  10  10  0  W
 2.633191628  10  10  1  W
 2.706969554  10  10  2  W
 2.717490882  10  10  3  W
 2.717537067  10  10  0  W
 2.736113941  10  10  1  W
 2.820746250  10  10  2  W
 2.835166182  10  10  3  W
 2.835219000  10  10  0  W
 2.859531629  10  10  1  W
 2.969221914  10  10  2  W
 3.008270717  10  10  3  W
 3.008444428  10  10  0  W
 3.042546604  10  10  1  W
 3.144682648  10  10  2  W
 3.178354780  10  10  3  W
 3.178403770  10  10  0  W
 3.189382124  10  10  1  W
 3.278966059  10  10  2  W
 3.322473224  10  10  3  W
 3.322520501  10  10  0  W
 3.340538818  10  10  1  W
 3.473131700  10  10  2  W
 3.496128858  10  10  3  W
 3.496194258  10  10  0  W
 3.519844752  10  10  1  W
 3.557404922  10  10  2  W
 3.571246789  10  10  3  W
 3.571426701  10  10  0  W
 3.582024853  10  10  1  W
 3.590303675  10  10  2  W
 3.611229891  10  10  3  W
 3.611506141  10  10  0  W
 3.641889723  10  10  1  W
 3.708251043  10  10  2  W
 3.744445180  10  10  3  W
 3.744519197  10  10  0  W
 3.775846090  10  10  1  W
 3.815834901  10  10  2  W
 3.866243235  10  10  3  W
 3.866426703  10  10  0  W
 3.896436916  10  10  1  W
 3.932846050  10  10  2  W
 3.964897782  10  10  3  W
 3.965097901  10  10  0  W
 3.993467395  10  10  1  W
 4.045770336  10  10  2  W
 4.059071367  10  10  3  W
 4.059167114  10  10  0  W
 0.001772840  13  13  0  W
 0.021031936  13  13  1  W
 0.058642894  13  13  2  W
 0.078569101  13  13  3  W
 0.078692058  13  13  0  W
 0.116255269  13  13  1  W
 0.393305463  13  13  2  W
 0.441400134  13  13  3  W
 0.441628626  13  13  0  W
 0.472076781  13  13  1  W
 0.749255032  13  13  2  W
 0.766343829  13  13  3  W
 0.766485641  13  13  0  W
 0.805666847  13  13  1  W
 1.184315526  13  13  2  W
 1.202774416  13  13  3  W
 1.203046779  13  13  0  W
 1.226325903  13  13  1  W
 1.559430803  13  13  2  W
 1.579220559  13  13  3  W
 1.579347543  13  13  0  W
 1.593687394  13  13  1  W
 1.905277023  13  13  2  W
 1.954999632  13  13  3  W
 1.955056006  13  13  0  W
 1.993347372  13  13  1  W
 2.162993413  13  13  2  W
 2.210267999  13  13  3  W
 2.210405021  13  13  0  W
 2.220881807  13  13  1  W
 2.356112675  13  13  2  W
 2.397366700  13  13  3  W
 2.397515635  13  13  0  W
 2.431969419  13  13  1  W
 2.534628227  13  13  2  W
 2.556897415  13  13  3  W
 2.557076405  13  13  0  W
 2.602242801  13  13  1  W
 2.691678084  13  13  2  W
 2.706545431  13  13  3  W
 2.706894165  13  13  0  W
 2.721202451  13  13  1  W
 2.790932969  13  13  2  W
 2.820663167  13  13  3  W
 2.820710985  13  13  0  W
 2.857756203  13  13  1  W
 2.943343524  13  13  2  W
 2.969139401  13  13  3  W
 2.969181659  13  13  0  W
 2.999539635  13  13  1  W
 3.104176221  13  13  2  W
 3.144458334  13  13  3  W
 3.144631924  13  13  0  W
 3.173820942  13  13  1  W
 3.243353525  13  13  2  W
 3.278762032  13  13  3  W
 3.278913331  13  13  0  W
 3.307269560  13  13  1  W
 3.446742280  13  13  2  W
 3.472878833  13  13  3  W
 3.473047384  13  13  0  W
 3.489260630  13  13  1  W
 3.540705377  13  13  2  W
 3.557152876  13  13  3  W
 3.557305107  13  13  0  W
 3.606293099  13  13  1  W
 3.642132672  13  13  2  W
 3.685970327  13  13  3  W
 3.686119863  13  13  0  W
 3.722072835  13  13  1  W
 3.785208401  13  13  2  W
 3.796943592  13  13  3  W
 3.796984988  13  13  0  W
 3.815758760  13  13  1  W
 3.866521619  13  13  2  W
 3.905046567  13  13  3  W
 3.905204007  13  13  0  W
 3.954614802  13  13  1  W
 3.965190061  13  13  2  W
 4.010260612  13  13  3  W
 4.010455512  13  13  0  W
 4.060461473  13  13  1  W
 4.060517847  13  13  2  W
 4.109111683  13  13  3  W
 4.109190669  13  13  0  W
 4.125634235  13  13  1  W
 4.151126786  13  13  2  W
 4.184022466  13  13  3  W
 4.184104627  13  13  0  W
 4.210650914  13  13  1  W
 4.213182197  13  13  2  W
 4.259381135  13  13  3  W
 4.259432891  13  13  0  W
 0.001746542  12  12  0  W
 0.034311692  12  12  1  W
 0.269216519  12  12  2  W
 0.282153597  12  12  3  W
 0.282322749  12  12  0  W
 0.310211632  12  12  1  W
 0.607903780  12  12  2  W
 0.633948981  12  12  3  W
 0.633991981  12  12  0  W
 0.655152310  12  12  1  W
 0.995369222  12  12  2  W
 1.040564043  12  12  3  W
 1.040618774  12  12  0  W
 1.072722022  12  12  1  W
 1.403697882  12  12  2  W
 1.451589242  12  12  3  W
 1.451652348  12  12  0  W
 1.498808822  12  12  1  W
 1.784622480  12  12  2  W
 1.809203988  12  12  3  W
 1.809260943  12  12  0  W
 1.823047172  12  12  1  W
 2.126001895  12  12  2  W
 2.139141885  12  12  3  W
 2.139270843  12  12  0  W
 2.170204811  12  12  1  W
 2.272430100  12  12  2  W
 2.317233876  12  12  3  W
 2.317322349  12  12  0  W
 2.363945562  12  12  1  W
 2.443889219  12  12  2  W
 2.487725438  12  12  3  W
 2.487869233  12  12  0  W
 2.534916679  12  12  1  W
 2.621385829  12  12  2  W
 2.668520487  12  12  3  W
 2.668757855  12  12  0  W
 2.707739686  12  12  1  W
 2.763361596  12  12  2  W
 2.790523513  12  12  3  W
 2.790837913  12  12  0  W
 2.817485683  12  12  1  W
 2.911997216  12  12  2  W
 2.943235946  12  12  3  W
 2.943283012  12  12  0  W
 2.968711211  12  12  1  W
 3.086295998  12  12  2  W
 3.103964570  12  12  3  W
 3.104105350  12  12  0  W
 3.150812904  12  12  1  W
 3.224880227  12  12  2  W
 3.243167351  12  12  3  W
 3.243293634  12  12  0  W
 3.286761287  12  12  1  W
 3.406770020  12  12  2  W
 3.446436566  12  12  3  W
 3.446524488  12  12  0  W
 3.482811397  12  12  1  W
 3.521940791  12  12  2  W
 3.540467538  12  12  3  W
 3.540543659  12  12  0  W
 3.585823335  12  12  1  W
 3.611565060  12  12  2  W
 3.642001329  12  12  3  W
 3.642074585  12  12  0  W
 3.684910019  12  12  1  W
 3.744575982  12  12  2  W
 3.785089982  12  12  3  W
 3.785136739  12  12  0  W
 3.821194834  12  12  1  W
 3.905296458  12  12  2  W
 3.917346881  12  12  3  W
 3.917450603  12  12  0  W
 3.957733227  12  12  1  W
 4.010532313  12  12  2  W
 4.028766731  12  12  3  W
 4.028840127  12  12  0  W
 4.072370245  12  12  1  W
 4.109263643  12  12  2  W
 4.151010973  12  12  3  W
 4.151081503  12  12  0  W
 4.164563502  12  12  1  W
 4.184253833  12  12  2  W
 4.213013806  12  12  3  W
 4.213146040  12  12  0  W
 4.240982348  12  12  1  W
 4.259482022  12  12  2  W
 4.288146458  12  12  3  W
 4.288336269  12  12  0  W
 4.302619727  12  12  1  W
 4.302692381  12  12  2  W
 4.321217770  12  12  3  W
 4.321439570  12  12  0  W
-1  15  15  4 LOCAL_SECTION;START;READING_ROOM;STOP;EXTRA_LABEL;
