-1 35 15 15
0.000934 24 14 8 O
0.034842 24 14 9 O
0.078647 24 0 9 O
0.125163 24 0 8 O
0.152844 24 15 15 O
0.000912 12 1 0 C
0.037089 12 1 1 C
0.057437 12 2 1 C
0.086362 12 2 2 C
0.105751 12 3 2 C
0.119615 12 4 2 C
0.157108 12 15 15 C
0.000914 13 1 9 D
0.045782 13 1 10 D
0.078607 13 1 11 D
0.111048 13 1 12 D
0.138696 13 1 13 D
0.162495 13 0 13 D
0.187516 13 0 14 D
0.218937 13 0 0 D
0.235318 13 15 15 D
0.000932 22 12 0 M
0.043404 22 12 1 M
0.055230 22 13 1 M
0.080987 22 14 1 M
0.119656 22 13 1 M
0.169608 22 13 2 M
0.186433 22 13 3 M
0.221305 22 13 2 M
0.249589 22 13 1 M
0.283712 22 13 0 M
0.335588 22 15 15 M
0.000930 21 8 2 L
0.038196 21 8 3 L
0.069462 21 9 3 L
0.104679 21 8 3 L
0.151761 21 8 2 L
0.162463 21 9 2 L
0.175592 21 10 2 L
0.197589 21 10 1 L
0.239769 21 10 2 L
0.276998 21 10 1 L
0.304325 21 9 1 L
0.347633 21 9 0 L
0.377237 21 15 15 L
0.000917 15 11 3 F
0.046944 15 10 3 F
0.058569 15 10 4 F
0.088519 15 10 5 F
0.136537 15 9 5 F
0.147526 15 8 5 F
0.190968 15 8 6 F
0.220147 15 8 7 F
0.241905 15 8 8 F
0.258190 15 7 8 F
0.280318 15 7 7 F
0.297845 15 8 7 F
0.317046 15 8 6 F
0.364227 15 8 5 F
0.389527 15 8 6 F
0.405698 15 15 15 F
0.000920 17 13 7 H
0.030352 17 14 7 H
0.070725 17 14 8 H
0.111009 17 14 9 H
0.141301 17 13 9 H
0.166184 17 12 9 H
0.190745 17 12 8 H
0.208794 17 12 9 H
0.241948 17 13 9 H
0.269407 17 12 9 H
0.281403 17 13 9 H
0.294715 17 13 8 H
0.317151 17 12 8 H
0.347588 17 12 9 H
0.388387 17 11 9 H
0.410283 17 15 15 H
0.000926 19 14 11 J
0.049031 19 14 12 J
0.077478 19 14 13 J
0.113220 19 13 13 J
0.140022 19 12 13 J
0.179972 19 13 13 J
0.214411 19 12 13 J
0.230115 19 12 14 J
0.275853 19 12 13 J
0.291467 19 12 14 J
0.317158 19 13 14 J
0.352967 19 12 14 J
0.386153 19 12 13 J
0.402456 19 11 13 J
0.437751 19 11 12 J
0.472273 19 10 12 J
0.502297 19 15 15 J
0.000919 16 4 13 G
0.022160 16 5 13 G
0.071930 16 5 12 G
0.104733 16 4 12 G
0.119645 16 3 12 G
0.146438 16 3 11 G
0.163972 16 4 11 G
0.190891 16 4 12 G
0.217853 16 5 12 G
0.238548 16 6 12 G
0.277035 16 6 11 G
0.326167 16 5 11 G
0.368594 16 5 10 G
0.383913 16 5 9 G
0.412524 16 4 9 G
0.437759 16 5 9 G
0.473346 16 5 8 G
0.521655 16 15 15 G
0.000922 18 10 3 I
0.012334 18 10 2 I
0.045618 18 10 1 I
0.094907 18 11 1 I
0.138703 18 11 0 I
0.176743 18 11 1 I
0.192074 18 11 0 I
0.222390 18 11 1 I
0.246516 18 11 2 I
0.286968 18 12 2 I
0.327280 18 12 1 I
0.362965 18 13 1 I
0.405735 18 14 1 I
0.452810 18 13 1 I
0.488312 18 12 1 I
0.530201 18 13 1 I
0.580380 18 14 1 I
0.600494 18 15 15 I
0.000928 20 3 0 K
0.043396 20 3 14 K
0.075320 20 2 14 K
0.093691 20 2 13 K
0.130700 20 2 12 K
0.160302 20 3 12 K
0.184211 20 2 12 K
0.196460 20 2 11 K
0.214308 20 3 11 K
0.252998 20 3 10 K
0.294676 20 3 11 K
0.337773 20 4 11 K
0.356417 20 3 11 K
0.378467 20 3 10 K
0.407987 20 4 10 K
0.423314 20 3 10 K
0.437771 20 4 10 K
0.459286 20 3 10 K
0.476547 20 4 10 K
0.517219 20 5 10 K
0.564328 20 5 9 K
0.599410 20 5 8 K
0.622675 20 15 15 K
0.000933 23 13 13 N
0.016705 23 14 13 N
0.031406 23 13 13 N
0.079680 23 13 14 N
0.098105 23 12 14 N
0.121791 23 11 14 N
0.163780 23 11 13 N
0.210057 23 11 12 N
0.258335 23 11 13 N
0.306578 23 12 13 N
0.341114 23 12 12 N
0.360684 23 12 11 N
0.390651 23 12 12 N
0.432471 23 13 12 N
0.456046 23 13 11 N
0.495893 23 13 10 N
0.537813 23 12 10 N
0.568606 23 11 10 N
0.584774 23 10 10 N
0.610160 23 10 9 N
0.636322 23 11 9 N
0.684452 23 15 15 N
0.000909 10 8 12 A
0.046919 10 8 11 A
0.084178 10 9 11 A
0.102297 10 10 11 A
0.126314 10 10 12 A
0.136586 10 10 11 A
0.185319 10 10 12 A
0.225569 10 10 11 A
0.251737 10 11 11 A
0.269367 10 11 12 A
0.299113 10 12 12 A
0.338929 10 13 12 A
0.355154 10 14 12 A
0.394818 10 14 13 A
0.406821 10 14 14 A
0.422089 10 14 13 A
0.452783 10 14 12 A
0.492664 10 14 11 A
0.528011 10 0 11 A
0.569720 10 0 10 A
0.583649 10 0 9 A
0.626912 10 1 9 A
0.655094 10 2 9 A
0.665605 10 1 9 A
0.708932 10 1 8 A
0.725603 10 1 7 A
0.753709 10 2 7 A
0.781851 10 3 7 A
0.806944 10 2 7 A
0.849491 10 1 7 A
0.875236 10 15 15 A
0.000910 11 2 0 B
0.013494 11 2 1 B
0.046871 11 3 1 B
0.069454 11 4 1 B
0.099223 11 3 1 B
0.129447 11 3 2 B
0.157092 11 2 2 B
0.194278 11 2 1 B
0.243193 11 2 2 B
0.270454 11 3 2 B
0.319400 11 3 1 B
0.367466 11 3 0 B
0.378520 11 4 0 B
0.402511 11 5 0 B
0.431392 11 4 0 B
0.476562 11 3 0 B
0.491536 11 3 1 B
0.518384 11 4 1 B
0.542223 11 3 1 B
0.565434 11 4 1 B
0.603751 11 4 0 B
0.628059 11 5 0 B
0.641777 11 4 0 B
0.686575 11 4 1 B
0.698144 11 4 0 B
0.744307 11 4 14 B
0.788299 11 4 0 B
0.829599 11 5 0 B
0.845287 11 6 0 B
0.889887 11 6 14 B
0.924197 11 6 13 B
0.956394 11 5 13 B
0.984025 11 4 13 B
1.030081 11 3 13 B
1.053672 11 3 14 B
1.093519 11 3 0 B
1.142363 11 2 0 B
1.181222 11 2 14 B
1.198528 11 2 0 B
1.227296 11 3 0 B
1.239643 11 4 0 B
1.278499 11 4 14 B
1.303976 11 4 0 B
1.331447 11 4 14 B
1.343803 11 3 14 B
1.371409 11 3 0 B
1.394893 11 3 14 B
1.418131 11 2 14 B
1.453938 11 1 14 B
1.496843 11 1 13 B
1.540047 11 1 14 B
1.575593 11 1 0 B
1.595195 11 1 14 B
1.644281 11 2 14 B
1.693180 11 2 0 B
1.742398 11 3 0 B
1.781316 11 3 14 B
1.800845 11 3 0 B
1.833491 11 4 0 B
1.876501 11 3 0 B
1.916858 11 4 0 B
1.961887 11 3 0 B
2.010901 11 2 0 B
2.051724 11 1 0 B
2.092233 11 0 0 B
2.129786 11 15 15 B
0.000916 14 3 12 E
0.018840 14 3 13 E
0.044491 14 4 13 E
0.073074 14 4 14 E
0.119623 14 5 14 E
0.168497 14 6 14 E
0.216592 14 5 14 E
0.246413 14 5 13 E
0.273677 14 6 13 E
0.289279 14 7 13 E
0.318151 14 7 14 E
0.336699 14 6 14 E
0.366381 14 6 13 E
0.387270 14 6 12 E
0.398123 14 7 12 E
0.409125 14 7 11 E
0.450537 14 6 11 E
0.466805 14 6 12 E
0.517225 14 6 13 E
0.548621 14 6 14 E
0.591181 14 6 0 E
0.622632 14 6 1 E
0.669927 14 7 1 E
0.681295 14 8 1 E
0.710017 14 8 2 E
0.732866 14 7 2 E
0.745464 14 7 1 E
0.761112 14 6 1 E
0.788230 14 6 2 E
0.829623 14 6 3 E
0.876413 14 6 4 E
0.912730 14 6 3 E
0.945809 14 5 3 E
0.958606 14 5 4 E
0.983968 14 5 5 E
1.030060 14 5 4 E
1.073993 14 6 4 E
1.118825 14 7 4 E
1.134181 14 6 4 E
1.179084 14 6 3 E
1.201691 14 6 4 E
1.219919 14 7 4 E
1.233470 14 7 3 E
1.262294 14 7 2 E
1.311123 14 6 2 E
1.334622 14 6 1 E
1.359128 14 6 2 E
1.387673 14 6 1 E
1.426411 14 7 1 E
1.460177 14 7 2 E
1.493710 14 8 2 E
1.530676 14 8 1 E
1.569444 14 8 2 E
1.584957 14 9 2 E
1.602414 14 9 1 E
1.649491 14 9 0 E
1.693217 14 9 1 E
1.728199 14 9 2 E
1.756748 14 8 2 E
1.772133 14 9 2 E
1.822054 14 10 2 E
1.837011 14 9 2 E
1.883674 14 8 2 E
1.930112 14 7 2 E
1.941325 14 8 2 E
1.971231 14 9 2 E
2.010951 14 9 3 E
2.049548 14 9 4 E
2.088992 14 9 5 E
2.130870 14 8 5 E
2.148446 14 9 5 E
2.165638 14 10 5 E
2.212238 14 10 6 E
2.229734 14 10 5 E
2.242049 14 9 5 E
2.260242 14 9 6 E
2.306357 14 9 7 E
2.330731 14 9 6 E
2.359220 14 8 6 E
2.371749 14 15 15 E
0.467883 27 8 3 2
2.474928 27 15 15 2
1.418116 26 10 0 1
2.950833 26 15 15 1
2.935626 32 10 11 7
3.520806 32 15 15 7
3.425610 34 4 3 9
3.535153 34 15 15 9
2.526298 29 9 4 4
3.599342 29 15 15 4
2.883146 31 4 4 6
4.334763 31 15 15 6
4.141011 33 2 12 8
4.409535 33 15 15 8
2.281811 25 0 5 0
4.641100 25 15 15 0
3.115164 28 11 14 3
4.809702 28 15 15 3
4.528818 30 0 3 5
4.967114 30 15 15 5
0.000906 9 0 7 #
0.152841 9 0 7 o
0.252985 9 0 7 #
0.875233 9 0 7 a
0.976142 9 0 7 #
0.000884 0 9 8 #
0.000887 1 11 8 #
0.410279 1 11 8 h
0.510725 1 11 8 #
0.684450 1 11 8 n
0.785036 1 11 8 #
0.000889 2 9 12 #
0.502294 2 9 12 j
0.602659 2 9 12 #
0.000892 3 5 2 #
0.157104 3 5 2 c
0.258217 3 5 2 #
0.000895 4 9 14 #
0.377234 4 9 14 l
0.477626 4 9 14 #
0.000898 5 14 0 #
0.235314 5 14 0 d
0.335578 5 14 0 #
0.335583 5 14 0 m
0.436640 5 14 0 #
0.600492 5 14 0 i
0.701280 5 14 0 #
2.129782 5 14 0 b
2.230800 5 14 0 #
0.000900 6 12 3 #
0.000902 7 7 6 #
0.405696 7 7 6 f
0.506490 7 7 6 #
2.371746 7 7 6 e
2.472779 7 7 6 #
0.000904 8 6 8 #
0.521652 8 6 8 g
0.622668 8 6 8 #
0.622671 8 6 8 k
0.723437 8 6 8 #
