0.000023 1 1 0 B
0.043274 1 1 1 B
0.044795 1 1 2 B
0.096001 1 1 3 B
0.097095 1 1 0 B
0.115683 1 1 1 B
0.116746 1 1 2 B
0.138982 1 1 3 B
0.140596 1 1 0 B
0.164256 1 1 1 B
0.176574 1 1 2 B
0.192922 1 1 3 B
0.194484 1 1 0 B
0.243183 1 1 1 B
0.246459 1 1 2 B
0.280667 1 1 3 B
0.281777 1 1 0 B
0.331670 1 1 1 B
0.332737 1 1 2 B
0.375385 1 1 3 B
0.376466 1 1 0 B
0.401037 1 1 1 B
0.417416 1 1 2 B
0.446695 1 1 3 B
0.447760 1 1 0 B
0.484761 1 1 1 B
0.497103 1 1 2 B
0.529630 1 1 3 B
0.530696 1 1 0 B
0.574413 1 1 1 B
0.575493 1 1 2 B
0.613068 1 1 3 B
0.614176 1 1 0 B
0.647958 1 1 1 B
0.649052 1 1 2 B
0.664634 1 1 3 B
0.665699 1 1 0 B
0.703736 1 1 1 B
0.749202 1 1 2 B
0.768517 1 1 3 B
0.769583 1 1 0 B
0.784245 1 1 1 B
0.797585 1 1 2 B
0.809892 1 1 3 B
0.810988 1 1 0 B
0.827321 1 1 1 B
0.828399 1 1 2 B
0.855217 1 1 3 B
0.856294 1 1 0 B
0.881555 1 1 1 B
0.882622 1 1 2 B
0.921097 1 1 3 B
0.922168 1 1 0 B
0.939404 1 1 1 B
0.961693 1 1 2 B
0.989235 1 1 3 B
0.990303 1 1 0 B
1.034934 1 1 1 B
1.042241 1 1 2 B
1.086897 1 1 3 B
1.087965 1 1 0 B
0.000018 0 0 0 A
0.046598 0 0 1 A
0.097095 0 0 2 A
0.110763 0 0 3 A
0.111856 0 0 0 A
0.152202 0 0 1 A
0.153777 0 0 2 A
0.175506 0 0 3 A
0.176574 0 0 0 A
0.201686 0 0 1 A
0.202754 0 0 2 A
0.245372 0 0 3 A
0.246459 0 0 0 A
0.289672 0 0 1 A
0.290739 0 0 2 A
0.323343 0 0 3 A
0.324419 0 0 0 A
0.341317 0 0 1 A
0.376467 0 0 2 A
0.416339 0 0 3 A
0.417415 0 0 0 A
0.464378 0 0 1 A
0.465455 0 0 2 A
0.496009 0 0 3 A
0.497102 0 0 0 A
0.531761 0 0 1 A
0.532827 0 0 2 A
0.574416 0 0 3 A
0.575492 0 0 0 A
0.619501 0 0 1 A
0.620566 0 0 2 A
0.646844 0 0 3 A
0.647939 0 0 0 A
0.695014 0 0 1 A
0.696105 0 0 2 A
0.748107 0 0 3 A
0.749202 0 0 0 A
0.780820 0 0 1 A
0.782003 0 0 2 A
0.796517 0 0 3 A
0.797585 0 0 0 A
0.843022 0 0 1 A
0.856294 0 0 2 A
0.872896 0 0 3 A
0.873992 0 0 0 A
0.889855 0 0 1 A
0.922169 0 0 2 A
0.960624 0 0 3 A
0.961693 0 0 0 A
0.975986 0 0 1 A
0.990303 0 0 2 A
1.041173 0 0 3 A
1.042240 0 0 0 A
1.070589 0 0 1 A
1.087965 0 0 2 A
1.119600 0 0 3 A
1.120664 0 0 0 A
1.153009 0 0 1 A
1.154105 0 0 2 A
1.199669 0 0 3 A
1.200733 0 0 0 A
1.244007 0 0 1 A
1.245105 0 0 2 A
1.284360 0 0 3 A
1.285436 0 0 0 A
1.327936 0 0 1 A
1.329497 0 0 2 A
1.364148 0 0 3 A
1.365722 0 0 0 A
-1 2 2 4 LOCAL_SECTION;ENTRY_PROTOCOL;CRITICAL_SECTION;EXIT_PROTOCOL;