 0.001748342  6  6  0  G
 0.030898328  6  6  1  G
 0.215774101  6  6  2  G
 0.236051958  6  6  3  G
 0.236052028  6  6  0  G
 0.278062928  6  6  1  G
 0.628057249  6  6  2  G
 0.668055445  6  6  3  G
 0.668055555  6  6  0  G
 0.693124115  6  6  1  G
 1.040055447  6  6  2  G
 1.084057049  6  6  3  G
 1.084057219  6  6  0  G
 1.110019146  6  6  1  G
 1.555066623  6  6  2  G
 1.565763486  6  6  3  G
 1.565763767  6  6  0  G
 1.584054759  6  6  1  G
 2.045056046  6  6  2  G
 2.080055624  6  6  3  G
 2.080055854  6  6  0  G
 2.121273716  6  6  1  G
 2.559366846  6  6  2  G
 2.611055059  6  6  3  G
 2.611055269  6  6  0  G
 2.645503528  6  6  1  G
 3.134055726  6  6  2  G
 3.183052684  6  6  3  G
 3.183052784  6  6  0  G
 3.218057068  6  6  1  G
 3.592090939  6  6  2  G
 3.620060398  6  6  3  G
 3.620061280  6  6  0  G
 3.649803416  6  6  1  G
 4.060053393  6  6  2  G
 4.112052967  6  6  3  G
 4.112053027  6  6  0  G
 4.150704049  6  6  1  G
 4.578219585  6  6  2  G
 4.620053043  6  6  3  G
 4.620053123  6  6  0  G
 4.638197594  6  6  1  G
 5.100065576  6  6  2  G
 5.118055514  6  6  3  G
 5.118055674  6  6  0  G
 5.137928740  6  6  1  G
 5.475056653  6  6  2  G
 5.497263772  6  6  3  G
 5.497264003  6  6  0  G
 0.001616802  1  1  0  B
 0.036063211  1  1  1  B
 0.236052660  1  1  2  B
 0.276056285  1  1  3  B
 0.276056556  1  1  0  B
 0.304057337  1  1  1  B
 0.668056377  1  1  2  B
 0.682054733  1  1  3  B
 0.682054813  1  1  0  B
 0.719246307  1  1  1  B
 1.084058111  1  1  2  B
 1.123055094  1  1  3  B
 1.123055184  1  1  0  B
 1.155864180  1  1  1  B
 1.568052916  1  1  2  B
 1.578322307  1  1  3  B
 1.578322368  1  1  0  B
 1.618446040  1  1  1  B
 2.082053099  1  1  2  B
 2.117167033  1  1  3  B
 2.117167104  1  1  0  B
 2.136735783  1  1  1  B
 2.611056031  1  1  2  B
 2.659941840  1  1  3  B
 2.659941930  1  1  0  B
 2.705475379  1  1  1  B
 3.183053245  1  1  2  B
 3.199054506  1  1  3  B
 3.199054576  1  1  0  B
 3.238389838  1  1  1  B
 3.620062933  1  1  2  B
 3.638061017  1  1  3  B
 3.638061308  1  1  0  B
 3.672888575  1  1  1  B
 4.112053438  1  1  2  B
 4.138055348  1  1  3  B
 4.138055448  1  1  0  B
 4.150309639  1  1  1  B
 4.564060224  1  1  2  B
 4.578218894  1  1  3  B
 4.578218974  1  1  0  B
 4.609054858  1  1  1  B
 5.074053687  1  1  2  B
 5.100054535  1  1  3  B
 5.100054635  1  1  0  B
 5.148693291  1  1  1  B
 5.497264494  1  1  2  B
 5.538054808  1  1  3  B
 5.538054988  1  1  0  B
 5.564678067  1  1  1  B
 5.944475214  1  1  2  B
 5.961054272  1  1  3  B
 5.961054332  1  1  0  B
 6.001021873  1  1  1  B
 6.335053187  1  1  2  B
 6.346053244  1  1  3  B
 6.346053324  1  1  0  B
 0.001698087  4  4  0  E
 0.026151048  4  4  1  E
 0.094055928  4  4  2  E
 0.127055207  4  4  3  E
 0.127055307  4  4  0  E
 0.170501223  4  4  1  E
 0.537055759  4  4  2  E
 0.565585044  4  4  3  E
 0.565585164  4  4  0  E
 0.587019789  4  4  1  E
 0.941055218  4  4  2  E
 0.977054616  4  4  3  E
 0.977054696  4  4  0  E
 1.006979122  4  4  1  E
 1.475450056  4  4  2  E
 1.517055804  4  4  3  E
 1.517055975  4  4  0  E
 1.556926667  4  4  1  E
 1.922058377  4  4  2  E
 1.962055550  4  4  3  E
 1.962055660  4  4  0  E
 1.978842364  4  4  1  E
 2.466056474  4  4  2  E
 2.488056773  4  4  3  E
 2.488056833  4  4  0  E
 2.509906475  4  4  1  E
 3.030605028  4  4  2  E
 3.069052846  4  4  3  E
 3.069052956  4  4  0  E
 3.086930231  4  4  1  E
 3.488055624  4  4  2  E
 3.532054918  4  4  3  E
 3.532054988  4  4  0  E
 3.560073430  4  4  1  E
 3.984217755  4  4  2  E
 4.003064772  4  4  3  E
 4.003064882  4  4  0  E
 4.037532486  4  4  1  E
 4.448053459  4  4  2  E
 4.493054744  4  4  3  E
 4.493054805  4  4  0  E
 4.542677731  4  4  1  E
 4.960055627  4  4  2  E
 4.970184922  4  4  3  E
 4.970185002  4  4  0  E
 5.000053668  4  4  1  E
 5.377055348  4  4  2  E
 5.429055128  4  4  3  E
 5.429055248  4  4  0  E
 5.463057607  4  4  1  E
 5.835968160  4  4  2  E
 5.864052596  4  4  3  E
 5.864052746  4  4  0  E
 5.895744805  4  4  1  E
 6.243346343  4  4  2  E
 6.258053734  4  4  3  E
 6.258053814  4  4  0  E
 6.298001175  4  4  1  E
 6.673648116  4  4  2  E
 6.698055976  4  4  3  E
 6.698056096  4  4  0  E
 0.001646268  2  2  0  C
 0.037056488  2  2  1  C
 0.276057668  2  2  2  C
 0.291052328  2  2  3  C
 0.291052388  2  2  0  C
 0.304754792  2  2  1  C
 0.682055405  2  2  2  C
 0.703053140  2  2  3  C
 0.703053290  2  2  0  C
 0.724592284  2  2  1  C
 1.123056086  2  2  2  C
 1.145054742  2  2  3  C
 1.145054973  2  2  0  C
 1.166319805  2  2  1  C
 1.578323279  2  2  2  C
 1.627055869  2  2  3  C
 1.627056159  2  2  0  C
 1.656647471  2  2  1  C
 2.117167955  2  2  2  C
 2.159214310  2  2  3  C
 2.159214590  2  2  0  C
 2.198594279  2  2  1  C
 2.659942711  2  2  2  C
 2.693055713  2  2  3  C
 2.693055853  2  2  0  C
 2.741057643  2  2  1  C
 3.199055377  2  2  2  C
 3.219055575  2  2  3  C
 3.219055836  2  2  0  C
 3.269006406  2  2  1  C
 3.680057586  2  2  2  C
 3.718053113  2  2  3  C
 3.718053253  2  2  0  C
 3.742430507  2  2  1  C
 4.174464450  2  2  2  C
 4.188676070  2  2  3  C
 4.188676140  2  2  0  C
 4.222055125  2  2  1  C
 4.637029305  2  2  2  C
 4.686055448  2  2  3  C
 4.686055618  2  2  0  C
 4.721987764  2  2  1  C
 5.129251855  2  2  2  C
 5.164052961  2  2  3  C
 5.164053132  2  2  0  C
 5.191898493  2  2  1  C
 5.552056809  2  2  2  C
 5.597052724  2  2  3  C
 5.597053014  2  2  0  C
 5.642056643  2  2  1  C
 5.994056139  2  2  2  C
 6.035408952  2  2  3  C
 6.035409093  2  2  0  C
 6.052215081  2  2  1  C
 6.395053785  2  2  2  C
 6.446055337  2  2  3  C
 6.446055628  2  2  0  C
 6.470965211  2  2  1  C
 6.829057572  2  2  2  C
 6.861787612  2  2  3  C
 6.861787962  2  2  0  C
 0.001914869  13  13  0  N
 0.052074923  13  13  1  N
 0.397055221  13  13  2  N
 0.427060420  13  13  3  N
 0.427060620  13  13  0  N
 0.438990617  13  13  1  N
 0.836055822  13  13  2  N
 0.861055401  13  13  3  N
 0.861055491  13  13  0  N
 0.899057574  13  13  1  N
 1.301056898  13  13  2  N
 1.341055333  13  13  3  N
 1.341055403  13  13  0  N
 1.386692050  13  13  1  N
 1.815055458  13  13  2  N
 1.847065565  13  13  3  N
 1.847065856  13  13  0  N
 1.872589469  13  13  1  N
 2.330060533  13  13  2  N
 2.372000906  13  13  3  N
 2.372001197  13  13  0  N
 2.392759877  13  13  1  N
 2.879054936  13  13  2  N
 2.931055823  13  13  3  N
 2.931055943  13  13  0  N
 2.969792980  13  13  1  N
 3.350053136  13  13  2  N
 3.370056159  13  13  3  N
 3.370056439  13  13  0  N
 3.410558098  13  13  1  N
 3.843056014  13  13  2  N
 3.876054427  13  13  3  N
 3.876054497  13  13  0  N
 3.887742282  13  13  1  N
 4.304910318  13  13  2  N
 4.330052594  13  13  3  N
 4.330052685  13  13  0  N
 4.362976725  13  13  1  N
 4.833055706  13  13  2  N
 4.874054758  13  13  3  N
 4.874054869  13  13  0  N
 4.889056900  13  13  1  N
 5.252059368  13  13  2  N
 5.269116834  13  13  3  N
 5.269116904  13  13  0  N
 5.292360733  13  13  1  N
 5.739607853  13  13  2  N
 5.758272482  13  13  3  N
 5.758272543  13  13  0  N
 5.788306031  13  13  1  N
 6.129054743  13  13  2  N
 6.146054328  13  13  3  N
 6.146054388  13  13  0  N
 6.187991130  13  13  1  N
 6.556057258  13  13  2  N
 6.604053000  13  13  3  N
 6.604053170  13  13  0  N
 6.650567357  13  13  1  N
 6.950668707  13  13  2  N
 6.999075019  13  13  3  N
 6.999075981  13  13  0  N
 7.009871230  13  13  1  N
 7.260987664  13  13  2  N
 7.278055188  13  13  3  N
 7.278055249  13  13  0  N
 7.311536285  13  13  1  N
 7.608706056  13  13  2  N
 7.635593165  13  13  3  N
 7.635593235  13  13  0  N
 7.684367444  13  13  1  N
 7.938129060  13  13  2  N
 7.977938078  13  13  3  N
 7.977938368  13  13  0  N
 0.001937912  14  14  0  O
 0.043621121  14  14  1  O
 0.336056034  14  14  2  O
 0.349468287  14  14  3  O
 0.349468387  14  14  0  O
 0.371663437  14  14  1  O
 0.713215248  14  14  2  O
 0.766054772  14  14  3  O
 0.766054852  14  14  0  O
 0.792652487  14  14  1  O
 1.173055052  14  14  2  O
 1.198055802  14  14  3  O
 1.198055892  14  14  0  O
 1.237597739  14  14  1  O
 1.657055617  14  14  2  O
 1.673056357  14  14  3  O
 1.673056658  14  14  0  O
 1.693239785  14  14  1  O
 2.159215302  14  14  2  O
 2.177055076  14  14  3  O
 2.177055136  14  14  0  O
 2.219136938  14  14  1  O
 2.693056485  14  14  2  O
 2.713036725  14  14  3  O
 2.713036806  14  14  0  O
 2.749065507  14  14  1  O
 3.219056447  14  14  2  O
 3.239055383  14  14  3  O
 3.239055523  14  14  0  O
 3.266589214  14  14  1  O
 3.638062790  14  14  2  O
 3.680056814  14  14  3  O
 3.680057015  14  14  0  O
 3.693737756  14  14  1  O
 4.138056009  14  14  2  O
 4.174463989  14  14  3  O
 4.174464099  14  14  0  O
 4.197403330  14  14  1  O
 4.620053443  14  14  2  O
 4.637028704  14  14  3  O
 4.637028764  14  14  0  O
 4.682279363  14  14  1  O
 5.119052678  14  14  2  O
 5.129251334  14  14  3  O
 5.129251394  14  14  0  O
 5.176711370  14  14  1  O
 5.538056191  14  14  2  O
 5.552056138  14  14  3  O
 5.552056419  14  14  0  O
 5.572324364  14  14  1  O
 5.961055183  14  14  2  O
 5.994055468  14  14  3  O
 5.994055598  14  14  0  O
 6.013828353  14  14  1  O
 6.346054026  14  14  2  O
 6.395053074  14  14  3  O
 6.395053354  14  14  0  O
 6.412618524  14  14  1  O
 6.787056248  14  14  2  O
 6.829055638  14  14  3  O
 6.829055728  14  14  0  O
 6.841805470  14  14  1  O
 7.134974159  14  14  2  O
 7.178944131  14  14  3  O
 7.178944392  14  14  0  O
 7.214989359  14  14  1  O
 7.449080014  14  14  2  O
 7.468209766  14  14  3  O
 7.468209897  14  14  0  O
 7.502581234  14  14  1  O
 7.779775697  14  14  2  O
 7.792642521  14  14  3  O
 7.792642581  14  14  0  O
 7.816625302  14  14  1  O
 8.086523765  14  14  2  O
 8.117480144  14  14  3  O
 8.117480214  14  14  0  O
 0.001890322  12  12  0  M
 0.049666477  12  12  1  M
 0.365288725  12  12  2  M
 0.397054720  12  12  3  M
 0.397054810  12  12  0  M
 0.425058015  12  12  1  M
 0.796056424  12  12  2  M
 0.836055000  12  12  3  M
 0.836055130  12  12  0  M
 0.883745301  12  12  1  M
 1.270057531  12  12  2  M
 1.301056207  12  12  3  M
 1.301056497  12  12  0  M
 1.324551777  12  12  1  M
 1.766060360  12  12  2  M
 1.815054736  12  12  3  M
 1.815054837  12  12  0  M
 1.849601924  12  12  1  M
 2.289053794  12  12  2  M
 2.330055173  12  12  3  M
 2.330055273  12  12  0  M
 2.372401026  12  12  1  M
 2.834056302  12  12  2  M
 2.879054254  12  12  3  M
 2.879054365  12  12  0  M
 2.903912924  12  12  1  M
 3.329321558  12  12  2  M
 3.350052414  12  12  3  M
 3.350052534  12  12  0  M
 3.362279624  12  12  1  M
 3.808056168  12  12  2  M
 3.843055402  12  12  3  M
 3.843055613  12  12  0  M
 3.854240232  12  12  1  M
 4.283752150  12  12  2  M
 4.304909767  12  12  3  M
 4.304909827  12  12  0  M
 4.347900603  12  12  1  M
 4.801053387  12  12  2  M
 4.833055175  12  12  3  M
 4.833055255  12  12  0  M
 4.865893213  12  12  1  M
 5.224053151  12  12  2  M
 5.250683744  12  12  3  M
 5.250683824  12  12  0  M
 5.281533624  12  12  1  M
 5.716056470  12  12  2  M
 5.739607242  12  12  3  M
 5.739607312  12  12  0  M
 5.769054396  12  12  1  M
 6.111026642  12  12  2  M
 6.129054011  12  12  3  M
 6.129054081  12  12  0  M
 6.174918995  12  12  1  M
 6.503059193  12  12  2  M
 6.556056417  12  12  3  M
 6.556056677  12  12  0  M
 6.596121301  12  12  1  M
 6.931106924  12  12  2  M
 6.950667575  12  12  3  M
 6.950667986  12  12  0  M
 6.969924539  12  12  1  M
 7.214089319  12  12  2  M
 7.231348026  12  12  3  M
 7.231348357  12  12  0  M
 7.274785236  12  12  1  M
 7.575507466  12  12  2  M
 7.608705344  12  12  3  M
 7.608705485  12  12  0  M
 7.649727276  12  12  1  M
 7.864521714  12  12  2  M
 7.889417350  12  12  3  M
 7.889417520  12  12  0  M
 7.937851563  12  12  1  M
 8.283800699  12  12  2  M
 8.315373168  12  12  3  M
 8.315373238  12  12  0  M
 0.001722704  5  5  0  F
 0.013960886  5  5  1  F
 0.013962530  5  5  2  F
 0.045074833  5  5  3  F
 0.045075174  5  5  0  F
 0.086053714  5  5  1  F
 0.427061001  5  5  2  F
 0.450589434  5  5  3  F
 0.450589505  5  5  0  F
 0.481776689  5  5  1  F
 0.861055952  5  5  2  F
 0.904055660  5  5  3  F
 0.904055921  5  5  0  F
 0.927865438  5  5  1  F
 1.341055724  5  5  2  F
 1.389055741  5  5  3  F
 1.389056042  5  5  0  F
 1.410834409  5  5  1  F
 1.847066106  5  5  2  F
 1.888054332  5  5  3  F
 1.888054402  5  5  0  F
 1.915891360  5  5  1  F
 2.372001638  5  5  2  F
 2.382277561  5  5  3  F
 2.382277611  5  5  0  F
 2.428054884  5  5  1  F
 2.931056484  5  5  2  F
 2.968054738  5  5  3  F
 2.968054848  5  5  0  F
 2.985559786  5  5  1  F
 3.370056790  5  5  2  F
 3.421055151  5  5  3  F
 3.421055301  5  5  0  F
 3.446251451  5  5  1  F
 3.876055178  5  5  2  F
 3.913055404  5  5  3  F
 3.913055525  5  5  0  F
 3.929692453  5  5  1  F
 4.330053306  5  5  2  F
 4.359056147  5  5  3  F
 4.359056307  5  5  0  F
 4.401567272  5  5  1  F
 4.876052414  5  5  2  F
 4.913322852  5  5  3  F
 4.913323052  5  5  0  F
 4.960729077  5  5  1  F
 5.269117425  5  5  2  F
 5.316055719  5  5  3  F
 5.316055940  5  5  0  F
 5.360690217  5  5  1  F
 5.784056347  5  5  2  F
 5.814054418  5  5  3  F
 5.814054719  5  5  0  F
 5.851429815  5  5  1  F
 6.211056098  5  5  2  F
 6.243345641  5  5  3  F
 6.243345832  5  5  0  F
 6.265055025  5  5  1  F
 6.661056765  5  5  2  F
 6.673647224  5  5  3  F
 6.673647475  5  5  0  F
 6.698705710  5  5  1  F
 7.049428150  5  5  2  F
 7.072667790  5  5  3  F
 7.072668030  5  5  0  F
 7.104416626  5  5  1  F
 7.360060940  5  5  2  F
 7.378056076  5  5  3  F
 7.378056176  5  5  0  F
 7.398720534  5  5  1  F
 7.684594676  5  5  2  F
 7.716596351  5  5  3  F
 7.716596432  5  5  0  F
 7.740055558  5  5  1  F
 8.012386712  5  5  2  F
 8.047362157  5  5  3  F
 8.047362447  5  5  0  F
 8.059980669  5  5  1  F
 8.376366208  5  5  2  F
 8.391931899  5  5  3  F
 8.391932179  5  5  0  F
 8.409524019  5  5  1  F
 8.536696873  5  5  2  F
 8.574415097  5  5  3  F
 8.574415378  5  5  0  F
 0.001842722  10  10  0  K
 0.045278851  10  10  1  K
 0.349487313  10  10  2  K
 0.365288184  10  10  3  K
 0.365288264  10  10  0  K
 0.378054099  10  10  1  K
 0.766055413  10  10  2  K
 0.781055913  10  10  3  K
 0.781056094  10  10  0  K
 0.819745483  10  10  1  K
 1.234055850  10  10  2  K
 1.270056709  10  10  3  K
 1.270056930  10  10  0  K
 1.315117432  10  10  1  K
 1.717053309  10  10  2  K
 1.766053086  10  10  3  K
 1.766053386  10  10  0  K
 1.805707717  10  10  1  K
 2.243090628  10  10  2  K
 2.289052812  10  10  3  K
 2.289052912  10  10  0  K
 2.317163881  10  10  1  K
 2.796226399  10  10  2  K
 2.834055541  10  10  3  K
 2.834055801  10  10  0  K
 2.849056010  10  10  1  K
 3.306056437  10  10  2  K
 3.329320887  10  10  3  K
 3.329320967  10  10  0  K
 3.344054529  10  10  1  K
 3.769057926  10  10  2  K
 3.808055697  10  10  3  K
 3.808055767  10  10  0  K
 3.845640143  10  10  1  K
 4.267056992  10  10  2  K
 4.283751439  10  10  3  K
 4.283751539  10  10  0  K
 4.320052365  10  10  1  K
 4.774056697  10  10  2  K
 4.801052585  10  10  3  K
 4.801052715  10  10  0  K
 4.838788768  10  10  1  K
 5.191260110  10  10  2  K
 5.223052861  10  10  3  K
 5.223052931  10  10  0  K
 5.245653047  10  10  1  K
 5.675055615  10  10  2  K
 5.716055297  10  10  3  K
 5.716055398  10  10  0  K
 5.735139614  10  10  1  K
 6.094056091  10  10  2  K
 6.111025851  10  10  3  K
 6.111025911  10  10  0  K
 6.125338823  10  10  1  K
 6.469352036  10  10  2  K
 6.489881799  10  10  3  K
 6.489881899  10  10  0  K
 6.507054583  10  10  1  K
 6.861788784  10  10  2  K
 6.893717151  10  10  3  K
 6.893718343  10  10  0  K
 6.937668279  10  10  1  K
 7.178944903  10  10  2  K
 7.195743897  10  10  3  K
 7.195744308  10  10  0  K
 7.220366003  10  10  1  K
 7.468210297  10  10  2  K
 7.491529348  10  10  3  K
 7.491529438  10  10  0  K
 7.518432438  10  10  1  K
 7.792642912  10  10  2  K
 7.819450810  10  10  3  K
 7.819451081  10  10  0  K
 7.833273560  10  10  1  K
 8.153703770  10  10  2  K
 8.192283330  10  10  3  K
 8.192284112  10  10  0  K
 8.228078572  10  10  1  K
 8.447239528  10  10  2  K
 8.461251206  10  10  3  K
 8.461251277  10  10  0  K
 8.482132676  10  10  1  K
 8.666183502  10  10  2  K
 8.702030302  10  10  3  K
 8.702030582  10  10  0  K
 0.001867539  11  11  0  L
 0.026844676  11  11  1  L
 0.174051639  11  11  2  L
 0.215773770  11  11  3  L
 0.215773840  11  11  0  L
 0.247573349  11  11  1  L
 0.586055637  11  11  2  L
 0.628056368  11  11  3  L
 0.628056458  11  11  0  L
 0.642311422  11  11  1  L
 1.024058242  11  11  2  L
 1.040054916  11  11  3  L
 1.040054986  11  11  0  L
 1.068417263  11  11  1  L
 1.529828291  11  11  2  L
 1.555065982  11  11  3  L
 1.555066132  11  11  0  L
 1.572584776  11  11  1  L
 1.993057312  11  11  2  L
 2.045055596  11  11  3  L
 2.045055696  11  11  0  L
 2.075824054  11  11  1  L
 2.536052621  11  11  2  L
 2.559366094  11  11  3  L
 2.559366154  11  11  0  L
 2.589795347  11  11  1  L
 3.083055780  11  11  2  L
 3.134055094  11  11  3  L
 3.134055195  11  11  0  L
 3.152655493  11  11  1  L
 3.552062941  11  11  2  L
 3.592088915  11  11  3  L
 3.592090098  11  11  0  L
 3.630934307  11  11  1  L
 4.020057716  11  11  2  L
 4.060052862  11  11  3  L
 4.060053053  11  11  0  L
 4.104539953  11  11  1  L
 4.541053645  11  11  2  L
 4.564054924  11  11  3  L
 4.564055035  11  11  0  L
 4.593943879  11  11  1  L
 5.022053224  11  11  2  L
 5.074053126  11  11  3  L
 5.074053286  11  11  0  L
 5.090849677  11  11  1  L
 5.460054832  11  11  2  L
 5.475055891  11  11  3  L
 5.475056122  11  11  0  L
 5.522220586  11  11  1  L
 5.910056345  11  11  2  L
 5.944474613  11  11  3  L
 5.944474723  11  11  0  L
 5.963944903  11  11  1  L
 6.302054476  11  11  2  L
 6.334055000  11  11  3  L
 6.334055050  11  11  0  L
 6.356741259  11  11  1  L
 6.748563009  11  11  2  L
 6.787055737  11  11  3  L
 6.787055857  11  11  0  L
 6.814062123  11  11  1  L
 7.102189795  11  11  2  L
 7.134972746  11  11  3  L
 7.134972897  11  11  0  L
 7.172055705  11  11  1  L
 7.400514792  11  11  2  L
 7.449079083  11  11  3  L
 7.449079634  11  11  0  L
 7.461064131  11  11  1  L
 7.746977819  11  11  2  L
 7.779774996  11  11  3  L
 7.779775286  11  11  0  L
 7.818222717  11  11  1  L
 8.117480976  11  11  2  L
 8.153702016  11  11  3  L
 8.153702968  11  11  0  L
 8.200391073  11  11  1  L
 8.421801553  11  11  2  L
 8.447238476  11  11  3  L
 8.447238717  11  11  0  L
 8.464597664  11  11  1  L
 8.627928989  11  11  2  L
 8.666182250  11  11  3  L
 8.666182521  11  11  0  L
 8.697991238  11  11  1  L
 8.874628752  11  11  2  L
 8.884785577  11  11  3  L
 8.884785848  11  11  0  L
 0.001671186  3  3  0  D
 0.014604690  3  3  1  D
 0.045076106  3  3  2  D
 0.067055377  3  3  3  D
 0.067055597  3  3  0  D
 0.116956379  3  3  1  D
 0.450594454  3  3  2  D
 0.493052393  3  3  3  D
 0.493052463  3  3  0  D
 0.532650569  3  3  1  D
 0.904056351  3  3  2  D
 0.916056281  3  3  3  D
 0.916056321  3  3  0  D
 0.929248446  3  3  1  D
 1.389056403  3  3  2  D
 1.435052593  3  3  3  D
 1.435052673  3  3  0  D
 1.449505302  3  3  1  D
 1.888054893  3  3  2  D
 1.904055824  3  3  3  D
 1.904055884  3  3  0  D
 1.943440102  3  3  1  D
 2.382278022  3  3  2  D
 2.425052470  3  3  3  D
 2.425052540  3  3  0  D
 2.462398654  3  3  1  D
 2.968055429  3  3  2  D
 3.008054604  3  3  3  D
 3.008054694  3  3  0  D
 3.036929755  3  3  1  D
 3.421056023  3  3  2  D
 3.452055288  3  3  3  D
 3.452055408  3  3  0  D
 3.479109377  3  3  1  D
 3.913055966  3  3  2  D
 3.964052934  3  3  3  D
 3.964053104  3  3  0  D
 4.006105589  3  3  1  D
 4.395064297  3  3  2  D
 4.448052637  3  3  3  D
 4.448052717  3  3  0  D
 4.488437522  3  3  1  D
 4.936053407  3  3  2  D
 4.960054826  3  3  3  D
 4.960054916  3  3  0  D
 4.987962156  3  3  1  D
 5.337265354  3  3  2  D
 5.377054727  3  3  3  D
 5.377054797  3  3  0  D
 5.413820645  3  3  1  D
 5.814055420  3  3  2  D
 5.835967329  3  3  3  D
 5.835967479  3  3  0  D
 5.847362948  3  3  1  D
 6.192056112  3  3  2  D
 6.211055216  3  3  3  D
 6.211055286  3  3  0  D
 6.225352298  3  3  1  D
 6.604053952  3  3  2  D
 6.640068292  3  3  3  D
 6.640069243  3  3  0  D
 6.676058185  3  3  1  D
 6.999076372  3  3  2  D
 7.024559154  3  3  3  D
 7.024559284  3  3  0  D
 7.040373938  3  3  1  D
 7.278055649  3  3  2  D
 7.319576990  3  3  3  D
 7.319577090  3  3  0  D
 7.331255035  3  3  1  D
 7.635593636  3  3  2  D
 7.658211204  3  3  3  D
 7.658211264  3  3  0  D
 7.675607482  3  3  1  D
 7.889417871  3  3  2  D
 7.938128419  3  3  3  D
 7.938128519  3  3  0  D
 7.954555977  3  3  1  D
 8.315373589  3  3  2  D
 8.332176059  3  3  3  D
 8.332176910  3  3  0  D
 8.366066361  3  3  1  D
 8.489387628  3  3  2  D
 8.536696011  3  3  3  D
 8.536696172  3  3  0  D
 8.586220484  3  3  1  D
 8.777635802  3  3  2  D
 8.801433581  3  3  3  D
 8.801433891  3  3  0  D
 8.822643544  3  3  1  D
 8.973453712  3  3  2  D
 9.016041157  3  3  3  D
 9.016041578  3  3  0  D
 0.001820018  9  9  0  J
 0.017158742  9  9  1  J
 0.067056569  9  9  2  J
 0.094055156  9  9  3  J
 0.094055266  9  9  0  J
 0.143219509  9  9  1  J
 0.493053155  9  9  2  J
 0.537055017  9  9  3  J
 0.537055087  9  9  0  J
 0.554116754  9  9  1  J
 0.916056882  9  9  2  J
 0.941054547  9  9  3  J
 0.941054627  9  9  0  J
 0.956542484  9  9  1  J
 1.435587649  9  9  2  J
 1.475449254  9  9  3  J
 1.475449415  9  9  0  J
 1.522699167  9  9  1  J
 1.904056725  9  9  2  J
 1.922057606  9  9  3  J
 1.922057766  9  9  0  J
 1.951905616  9  9  1  J
 2.425053321  9  9  2  J
 2.466055813  9  9  3  J
 2.466055973  9  9  0  J
 2.479274617  9  9  1  J
 3.008055406  9  9  2  J
 3.030604217  9  9  3  J
 3.030604427  9  9  0  J
 3.050818522  9  9  1  J
 3.452055919  9  9  2  J
 3.488054903  9  9  3  J
 3.488055033  9  9  0  J
 3.516555721  9  9  1  J
 3.964053655  9  9  2  J
 3.984217053  9  9  3  J
 3.984217123  9  9  0  J
 4.006064491  9  9  1  J
 4.359056858  9  9  2  J
 4.395063295  9  9  3  J
 4.395063676  9  9  0  J
 4.428930758  9  9  1  J
 4.913323403  9  9  2  J
 4.936052755  9  9  3  J
 4.936052896  9  9  0  J
 4.962447171  9  9  1  J
 5.316056331  9  9  2  J
 5.337264733  9  9  3  J
 5.337264793  9  9  0  J
 5.360055090  9  9  1  J
 5.758273074  9  9  2  J
 5.784055506  9  9  3  J
 5.784055756  9  9  0  J
 5.811989104  9  9  1  J
 6.146054849  9  9  2  J
 6.192055331  9  9  3  J
 6.192055401  9  9  0  J
 6.236556694  9  9  1  J
 6.640070125  9  9  2  J
 6.661055863  9  9  3  J
 6.661056034  9  9  0  J
 6.689808487  9  9  1  J
 7.024560186  9  9  2  J
 7.049427298  9  9  3  J
 7.049427508  9  9  0  J
 7.078521962  9  9  1  J
 7.319578192  9  9  2  J
 7.360060118  9  9  3  J
 7.360060289  9  9  0  J
 7.378541999  9  9  1  J
 7.658212005  9  9  2  J
 7.684594075  9  9  3  J
 7.684594325  9  9  0  J
 7.720761624  9  9  1  J
 7.977939380  9  9  2  J
 8.012385650  9  9  3  J
 8.012385971  9  9  0  J
 8.029009992  9  9  1  J
 8.332177842  9  9  2  J
 8.376365346  9  9  3  J
 8.376365467  9  9  0  J
 8.411052733  9  9  1  J
 8.574416089  9  9  2  J
 8.610265103  9  9  3  J
 8.610265383  9  9  0  J
 8.654443500  9  9  1  J
 8.839126177  9  9  2  J
 8.874627860  9  9  3  J
 8.874628101  9  9  0  J
 8.901965564  9  9  1  J
 9.048472007  9  9  2  J
 9.080288730  9  9  3  J
 9.080289021  9  9  0  J
 9.112852723  9  9  1  J
 9.132380440  9  9  2  J
 9.178712497  9  9  3  J
 9.178712787  9  9  0  J
 0.001772749  7  7  0  H
 0.040062450  7  7  1  H
 0.291053229  7  7  2  H
 0.321055242  7  7  3  H
 0.321055363  7  7  0  H
 0.341326237  7  7  1  H
 0.703053881  7  7  2  H
 0.713214436  7  7  3  H
 0.713214536  7  7  0  H
 0.737055854  7  7  1  H
 1.145055544  7  7  2  H
 1.173054180  7  7  3  H
 1.173054220  7  7  0  H
 1.201211758  7  7  1  H
 1.627056720  7  7  2  H
 1.657054715  7  7  3  H
 1.657054825  7  7  0  H
 1.700699508  7  7  1  H
 2.177055637  7  7  2  H
 2.204061375  7  7  3  H
 2.204061466  7  7  0  H
 2.235440022  7  7  1  H
 2.713037146  7  7  2  H
 2.762055216  7  7  3  H
 2.762055317  7  7  0  H
 2.810782254  7  7  1  H
 3.239055733  7  7  2  H
 3.274056641  7  7  3  H
 3.274056711  7  7  0  H
 3.291993369  7  7  1  H
 3.718053984  7  7  2  H
 3.741055795  7  7  3  H
 3.741055865  7  7  0  H
 3.772501578  7  7  1  H
 4.188676721  7  7  2  H
 4.234055083  7  7  3  H
 4.234055183  7  7  0  H
 4.248056775  7  7  1  H
 4.686056389  7  7  2  H
 4.727054770  7  7  3  H
 4.727054850  7  7  0  H
 4.742187540  7  7  1  H
 5.164053673  7  7  2  H
 5.179053420  7  7  3  H
 5.179053500  7  7  0  H
 5.221416672  7  7  1  H
 5.645055310  7  7  2  H
 5.675054884  7  7  3  H
 5.675054964  7  7  0  H
 5.722692547  7  7  1  H
 6.057054565  7  7  2  H
 6.094055240  7  7  3  H
 6.094055450  7  7  0  H
 6.138347848  7  7  1  H
 6.489882299  7  7  2  H
 6.503057249  7  7  3  H
 6.503057379  7  7  0  H
 6.547058262  7  7  1  H
 6.919120983  7  7  2  H
 6.931104680  7  7  3  H
 6.931104850  7  7  0  H
 6.972045008  7  7  1  H
 7.231349098  7  7  2  H
 7.260986051  7  7  3  H
 7.260986151  7  7  0  H
 7.274102680  7  7  1  H
 7.527609321  7  7  2  H
 7.575506164  7  7  3  H
 7.575506404  7  7  0  H
 7.619184993  7  7  1  H
 7.844316118  7  7  2  H
 7.864520882  7  7  3  H
 7.864521083  7  7  0  H
 7.901596537  7  7  1  H
 8.239247931  7  7  2  H
 8.283798655  7  7  3  H
 8.283798905  7  7  0  H
 8.318509065  7  7  1  H
 8.474630955  7  7  2  H
 8.489386737  7  7  3  H
 8.489387017  7  7  0  H
 8.511418321  7  7  1  H
 8.702031193  7  7  2  H
 8.738107679  7  7  3  H
 8.738107959  7  7  0  H
 8.760149202  7  7  1  H
 8.884786349  7  7  2  H
 8.933661238  7  7  3  H
 8.933661518  7  7  0  H
 8.976275052  7  7  1  H
 9.080289552  7  7  2  H
 9.106274386  7  7  3  H
 9.106274606  7  7  0  H
 9.130237379  7  7  1  H
 9.178713298  7  7  2  H
 9.195727991  7  7  3  H
 9.195728272  7  7  0  H
 0.001795852  8  8  0  I
 0.043344085  8  8  1  I
 0.321056375  8  8  2  I
 0.336055282  8  8  3  I
 0.336055372  8  8  0  I
 0.383057465  8  8  1  I
 0.781056464  8  8  2  I
 0.796055733  8  8  3  I
 0.796055813  8  8  0  I
 0.811766933  8  8  1  I
 1.198056092  8  8  2  I
 1.234055058  8  8  3  I
 1.234055168  8  8  0  I
 1.244921915  8  8  1  I
 1.673057179  8  8  2  I
 1.717052678  8  8  3  I
 1.717052768  8  8  0  I
 1.748485649  8  8  1  I
 2.204062077  8  8  2  I
 2.243056613  8  8  3  I
 2.243056723  8  8  0  I
 2.264061611  8  8  1  I
 2.762055767  8  8  2  I
 2.796225908  8  8  3  I
 2.796225978  8  8  0  I
 2.821622249  8  8  1  I
 3.274057513  8  8  2  I
 3.306055756  8  8  3  I
 3.306055836  8  8  0  I
 3.330113663  8  8  1  I
 3.741056717  8  8  2  I
 3.769057064  8  8  3  I
 3.769057225  8  8  0  I
 3.815453242  8  8  1  I
 4.234055584  8  8  2  I
 4.267056431  8  8  3  I
 4.267056591  8  8  0  I
 4.290453352  8  8  1  I
 4.727055451  8  8  2  I
 4.774055374  8  8  3  I
 4.774055515  8  8  0  I
 4.797977613  8  8  1  I
 5.179053991  8  8  2  I
 5.191259659  8  8  3  I
 5.191259719  8  8  0  I
 5.212058573  8  8  1  I
 5.597053535  8  8  2  I
 5.645054739  8  8  3  I
 5.645054849  8  8  0  I
 5.689056905  8  8  1  I
 6.035409754  8  8  2  I
 6.057054084  8  8  3  I
 6.057054154  8  8  0  I
 6.094056943  8  8  1  I
 6.446061820  8  8  2  I
 6.469351345  8  8  3  I
 6.469351455  8  8  0  I
 6.514056435  8  8  1  I
 6.893719085  8  8  2  I
 6.919120202  8  8  3  I
 6.919120322  8  8  0  I
 6.949059610  8  8  1  I
 7.195744959  8  8  2  I
 7.214088177  8  8  3  I
 7.214088247  8  8  0  I
 7.249427072  8  8  1  I
 7.491529889  8  8  2  I
 7.527608750  8  8  3  I
 7.527608840  8  8  0  I
 7.562576661  8  8  1  I
 7.819451832  8  8  2  I
 7.844315357  8  8  3  I
 7.844315637  8  8  0  I
 7.880102684  8  8  1  I
 8.192284683  8  8  2  I
 8.239247099  8  8  3  I
 8.239247380  8  8  0  I
 8.266053865  8  8  1  I
 8.461251627  8  8  2  I
 8.474630133  8  8  3  I
 8.474630434  8  8  0  I
 8.513683844  8  8  1  I
 8.738108320  8  8  2  I
 8.777634830  8  8  3  I
 8.777635110  8  8  0  I
 8.814216024  8  8  1  I
 8.933662009  8  8  2  I
 8.973452771  8  8  3  I
 8.973453061  8  8  0  I
 8.989445082  8  8  1  I
 9.106274937  8  8  2  I
 9.121311061  8  8  3  I
 9.121311352  8  8  0  I
 9.142933668  8  8  1  I
 9.195728572  8  8  2  I
 9.230620416  8  8  3  I
 9.230620697  8  8  0  I
 0.001588398  0  0  0  A
 0.026437953  0  0  1  A
 0.127056159  0  0  2  A
 0.170055627  0  0  3  A
 0.170055717  0  0  0  A
 0.190482948  0  0  1  A
 0.565585755  0  0  2  A
 0.586054766  0  0  3  A
 0.586054856  0  0  0  A
 0.623282898  0  0  1  A
 0.977055227  0  0  2  A
 1.024057411  0  0  3  A
 1.024057681  0  0  0  A
 1.055184562  0  0  1  A
 1.517056396  0  0  2  A
 1.529827209  0  0  3  A
 1.529827320  0  0  0  A
 1.562019363  0  0  1  A
 1.962056351  0  0  2  A
 1.993056109  0  0  3  A
 1.993056410  0  0  0  A
 2.028552591  0  0  1  A
 2.488057554  0  0  2  A
 2.535750036  0  0  3  A
 2.535750256  0  0  0  A
 2.551021210  0  0  1  A
 3.069053557  0  0  2  A
 3.083054898  0  0  3  A
 3.083054979  0  0  0  A
 3.097638997  0  0  1  A
 3.532055629  0  0  2  A
 3.552060807  0  0  3  A
 3.552061668  0  0  0  A
 3.575338381  0  0  1  A
 4.003065633  0  0  2  A
 4.020056795  0  0  3  A
 4.020056915  0  0  0  A
 4.066390333  0  0  1  A
 4.493055536  0  0  2  A
 4.541052884  0  0  3  A
 4.541053134  0  0  0  A
 4.580537349  0  0  1  A
 4.970185673  0  0  2  A
 5.022052492  0  0  3  A
 5.022052583  0  0  0  A
 5.041562939  0  0  1  A
 5.429055809  0  0  2  A
 5.460053870  0  0  3  A
 5.460054001  0  0  0  A
 5.500223425  0  0  1  A
 5.864053407  0  0  2  A
 5.910055363  0  0  3  A
 5.910055453  0  0  0  A
 5.952784901  0  0  1  A
 6.258054375  0  0  2  A
 6.302053634  0  0  3  A
 6.302053764  0  0  0  A
 6.321985982  0  0  1  A
 6.698069031  0  0  2  A
 6.748562027  0  0  3  A
 6.748562227  0  0  0  A
 6.772002629  0  0  1  A
 7.072668702  0  0  2  A
 7.102189144  0  0  3  A
 7.102189275  0  0  0  A
 7.113329489  0  0  1  A
 7.378056637  0  0  2  A
 7.400514121  0  0  3  A
 7.400514392  0  0  0  A
 7.429152457  0  0  1  A
 7.716596902  0  0  2  A
 7.746976777  0  0  3  A
 7.746977017  0  0  0  A
 7.790545607  0  0  1  A
 8.047362868  0  0  2  A
 8.086522903  0  0  3  A
 8.086523163  0  0  0  A
 8.136279288  0  0  1  A
 8.391932690  0  0  2  A
 8.421800371  0  0  3  A
 8.421800561  0  0  0  A
 8.447309491  0  0  1  A
 8.610265994  0  0  2  A
 8.627928158  0  0  3  A
 8.627928438  0  0  0  A
 8.641868861  0  0  1  A
 8.801434673  0  0  2  A
 8.839124964  0  0  3  A
 8.839125235  0  0  0  A
 8.857889171  0  0  1  A
 9.016041999  0  0  2  A
 9.048470965  0  0  3  A
 9.048471235  0  0  0  A
 9.061497532  0  0  1  A
 9.121311943  0  0  2  A
 9.132379719  0  0  3  A
 9.132379999  0  0  0  A
 9.173598382  0  0  1  A
 9.230620997  0  0  2  A
 9.266072364  0  0  3  A
 9.266073577  0  0  0  A
-1  15  15  4 LOCAL_SECTION;ENTRY_PROTOCOL;CRITICAL_SECTION;EXIT_PROTOCOL;MAX_TICKET=296;
